time,ax,ay,az,atotal
0.000,-0.15,1.27,-1.91,2.30
0.010,-0.50,1.01,-0.64,1.30
0.020,-0.22,0.42,-0.47,0.67
0.030,0.08,-0.18,-0.45,0.49
0.040,0.08,-0.67,-0.07,0.68
0.050,0.08,-0.95,0.08,0.96
0.060,0.00,-0.91,0.01,0.91
0.070,-0.26,-0.56,-0.21,0.65
0.080,-0.50,-0.28,-0.37,0.68
0.090,-0.56,-0.39,-0.35,0.77
0.100,-0.63,-0.56,-0.32,0.90
0.110,-0.53,-0.59,-0.29,0.84
0.120,-0.34,-0.47,-0.20,0.61
0.130,-0.16,-0.35,-0.29,0.49
0.140,0.07,-0.32,-0.63,0.71
0.150,0.09,-0.25,-1.08,1.11
0.160,-0.10,-0.11,-1.76,1.77
0.170,-0.43,-0.22,-2.66,2.71
0.180,-0.94,-0.76,-3.98,4.16
0.189,-1.09,-0.74,-4.67,4.85
0.200,-0.45,0.00,-4.72,4.74
0.210,0.42,0.27,-4.58,4.61
0.220,1.28,-0.47,-4.82,5.01
0.230,2.35,-1.87,-4.67,5.55
0.239,3.65,-3.35,-4.57,6.74
0.249,4.27,-3.32,-3.99,6.72
0.260,4.23,-3.35,-2.62,6.00
0.269,4.09,-4.67,-2.29,6.62
0.280,3.25,-3.11,-2.56,5.17
0.289,1.01,-3.15,-3.03,4.49
0.299,-0.34,-4.79,-3.25,5.80
0.310,-1.34,-3.53,-4.15,5.62
0.319,-3.09,-0.98,-0.82,3.34
0.330,-4.93,3.62,5.47,8.21
0.339,-6.76,7.72,13.05,16.60
0.349,-4.26,2.96,7.83,9.39
0.360,-3.22,-0.35,5.19,6.11
0.369,-1.72,0.88,5.14,5.49
0.379,0.15,2.79,2.41,3.69
0.389,0.41,4.79,3.10,5.72
0.399,0.07,6.10,2.24,6.50
0.409,-0.92,7.37,0.43,7.44
0.419,-2.60,8.54,-1.01,8.98
0.429,-3.76,8.10,-2.75,9.34
0.439,-4.38,5.84,-3.03,7.91
0.449,-4.39,5.64,-3.04,7.77
0.460,-3.69,6.16,-1.70,7.37
0.469,-2.82,5.16,-0.03,5.88
0.479,-2.57,4.26,0.85,5.05
0.489,-2.56,3.78,0.81,4.64
0.500,-2.49,3.71,0.42,4.49
0.509,-2.18,2.52,-0.06,3.33
0.519,-1.15,-0.18,-0.12,1.17
0.529,-0.28,-0.01,0.61,0.67
0.539,0.51,1.97,1.03,2.28
0.549,0.68,5.94,0.83,6.04
0.559,0.46,8.28,1.01,8.35
0.569,2.01,3.19,-0.65,3.82
0.579,2.50,-2.00,0.33,3.22
0.589,2.59,-1.19,-0.48,2.89
0.599,2.14,0.32,0.14,2.17
0.609,2.59,-6.08,2.31,7.00
0.619,2.86,1.34,-1.64,3.55
0.629,1.06,9.12,-4.84,10.38
0.639,3.42,-4.63,3.95,6.98
0.649,6.67,-11.43,-0.89,13.26
0.659,3.46,-5.46,-3.15,7.19
0.669,0.75,-2.03,-0.47,2.22
0.679,0.89,-3.36,-0.23,3.49
0.689,0.70,-6.91,2.16,7.27
0.699,0.71,-9.82,3.92,10.60
0.709,0.19,-9.81,4.31,10.72
0.719,-1.01,-9.71,4.63,10.81
0.729,-1.42,-9.79,4.08,10.70
0.739,-1.77,-8.94,3.99,9.95
0.749,-1.21,-6.62,2.75,7.27
0.759,-0.95,-4.78,1.53,5.11
0.768,-1.45,-1.85,-0.11,2.36
0.779,-1.00,0.46,-1.51,1.87
0.788,0.29,-0.38,-0.70,0.85
0.799,1.55,-1.39,0.32,2.10
0.808,1.76,-1.79,0.69,2.61
0.818,1.88,-0.90,0.18,2.09
0.829,2.07,0.03,-0.27,2.09
0.838,2.50,0.64,-0.83,2.71
0.848,2.98,1.86,-1.82,3.95
0.858,2.60,1.80,-2.72,4.17
0.868,1.79,1.46,-4.09,4.70
0.878,1.03,1.70,-3.58,4.09
0.888,0.59,1.11,-2.28,2.60
0.898,0.26,0.80,-0.78,1.15
0.908,0.19,1.22,1.13,1.67
0.918,-0.40,2.02,1.49,2.54
0.928,-0.45,2.85,1.06,3.07
0.938,0.05,2.42,0.95,2.60
0.948,1.02,1.70,-0.01,1.98
0.958,1.46,2.04,0.21,2.52
0.968,0.87,2.11,-0.50,2.33
0.978,0.08,0.43,-1.75,1.81
0.988,-1.68,-0.23,-1.84,2.50
0.998,-3.11,-1.18,-1.63,3.70
1.008,-3.91,-1.70,-1.54,4.53
1.018,-4.22,-1.42,-1.14,4.60
1.028,-3.50,-1.16,-0.22,3.69
1.038,-2.38,-1.03,0.26,2.61
1.048,-1.64,-0.37,0.12,1.68
1.058,-0.94,-0.25,0.14,0.98
1.068,-0.63,-0.66,-1.15,1.47
1.078,-1.25,-0.34,0.07,1.29
1.088,-2.23,0.10,-0.18,2.24
1.098,-2.82,0.06,-1.40,3.15
1.108,-2.96,1.20,-0.17,3.20
1.118,-2.07,1.80,-0.81,2.86
1.128,-1.33,1.66,-0.11,2.13
1.138,-0.65,1.74,0.70,1.98
1.148,0.25,1.71,-0.13,1.74
1.158,0.23,1.54,-1.11,1.91
1.168,-0.47,1.76,-1.38,2.29
1.178,-1.66,1.57,-0.51,2.34
1.188,-1.33,1.27,-2.76,3.31
1.198,0.62,1.57,-4.02,4.36
1.208,3.01,1.31,-1.50,3.61
1.218,4.17,0.68,1.05,4.36
1.228,4.03,0.32,2.53,4.77
1.238,3.84,0.46,2.06,4.38
1.248,3.04,0.16,1.22,3.28
1.258,1.15,0.87,0.84,1.67
1.268,-0.04,1.56,0.40,1.61
1.278,-0.57,1.72,0.53,1.89
1.288,-0.89,1.25,0.63,1.66
1.298,-1.04,0.55,0.41,1.25
1.308,-1.10,-0.47,-0.08,1.19
1.318,-0.95,-1.43,-0.06,1.71
1.328,-1.05,-2.31,0.09,2.54
1.337,-1.46,-2.99,0.46,3.36
1.348,-1.07,-2.83,0.14,3.03
1.358,-0.17,-3.28,-2.23,3.97
1.367,0.07,-3.58,-2.14,4.17
1.378,0.42,-2.26,-2.31,3.26
1.388,0.50,-0.68,-4.68,4.75
1.398,-0.14,-0.53,-5.20,5.23
1.407,-0.82,-0.61,-3.02,3.18
1.417,-0.68,-0.23,-0.59,0.93
1.428,-0.42,0.26,0.80,0.94
1.438,-0.28,0.64,1.31,1.49
1.448,-0.06,0.75,0.86,1.14
1.457,0.00,0.62,-0.08,0.62
1.467,-0.36,0.33,-0.68,0.84
1.478,-0.91,0.11,-0.52,1.06
1.487,-1.34,-0.11,0.32,1.38
1.498,-1.18,-0.48,1.23,1.77
1.507,-0.69,-1.14,1.42,1.95
1.517,-0.05,-1.43,0.76,1.62
1.527,0.28,-1.52,0.19,1.56
1.537,0.31,-1.38,-0.12,1.41
1.547,0.17,-0.81,-0.35,0.90
1.557,-0.00,-0.22,-0.50,0.55
1.567,-0.20,0.02,-0.90,0.92
1.578,-0.13,-0.54,-1.33,1.44
1.587,0.49,-2.47,-2.05,3.24
1.597,0.94,-6.61,-2.67,7.19
1.607,1.02,-10.07,-2.51,10.43
1.617,0.53,-8.78,-2.22,9.08
1.627,0.20,-4.18,-2.58,4.92
1.637,0.46,-2.48,-2.15,3.31
1.647,0.90,-3.08,-0.70,3.28
1.657,2.33,-4.39,-0.31,4.98
1.667,3.08,-4.12,-0.29,5.15
1.677,2.15,-2.88,1.66,3.96
1.687,0.21,-3.58,3.68,5.14
1.697,-2.30,-3.33,4.30,5.91
1.707,-4.28,0.15,3.78,5.71
1.717,-5.14,4.16,2.39,7.03
1.727,-5.23,3.16,2.11,6.46
1.737,-3.40,4.09,-0.31,5.32
1.747,-2.91,1.85,-1.48,3.75
1.757,-1.22,-1.07,-1.47,2.19
1.767,-0.46,-1.99,-2.41,3.16
1.777,-0.55,-1.76,0.87,2.04
1.787,0.15,1.97,-0.68,2.09
1.797,0.89,4.05,-1.18,4.31
1.806,1.68,4.71,-0.82,5.07
1.817,2.16,4.33,-0.84,4.92
1.827,1.73,6.66,-0.55,6.90
1.837,1.51,5.43,-0.47,5.66
1.847,1.21,1.13,0.23,1.67
1.857,0.73,0.04,0.88,1.14
1.867,0.62,0.65,1.44,1.70
1.877,1.43,0.98,2.02,2.66
1.887,2.96,2.94,1.27,4.36
1.897,3.96,4.82,-0.30,6.25
1.906,3.74,7.28,-1.24,8.28
1.917,2.56,7.12,-1.64,7.74
1.927,1.33,6.17,-0.42,6.33
1.937,0.34,5.88,0.74,5.94
1.947,-0.50,4.45,0.68,4.53
1.956,-1.33,2.83,0.17,3.13
1.966,-1.78,1.68,-0.59,2.52
1.977,-2.03,0.70,-1.13,2.43
1.986,-2.00,-0.19,-1.53,2.53
1.997,-1.64,-0.40,-1.82,2.48
2.006,-1.64,0.08,-1.52,2.23
2.016,-0.73,-0.99,-0.91,1.53
2.026,1.33,-3.68,-1.16,4.08
2.036,2.71,-5.21,-1.93,6.18
2.047,3.45,-5.88,-1.91,7.08
2.056,3.44,-5.61,-1.29,6.71
2.066,2.75,-4.25,-0.20,5.06
2.076,1.67,-1.77,0.45,2.47
2.086,0.94,0.45,0.63,1.21
2.097,0.63,1.56,0.36,1.72
2.106,0.28,1.78,0.14,1.80
2.116,-0.20,1.50,0.74,1.69
2.126,-0.58,0.97,1.14,1.61
2.136,-0.68,-0.01,1.52,1.67
2.146,-0.26,-1.22,1.28,1.79
2.156,0.55,-2.53,-1.19,2.85
2.166,1.03,-4.15,-3.64,5.62
2.176,1.57,-3.78,-3.88,5.64
2.186,2.28,-1.65,-3.66,4.61
2.196,2.98,1.51,-0.88,3.46
2.206,3.34,3.23,0.33,4.66
2.216,3.42,3.10,-0.71,4.66
2.226,3.04,2.11,-2.07,4.24
2.236,1.94,1.21,-2.07,3.09
2.246,0.86,0.46,-0.74,1.22
2.256,0.19,-0.21,0.42,0.50
2.266,-0.00,-0.65,1.06,1.24
2.276,0.21,-0.46,1.04,1.15
2.286,0.58,0.04,0.11,0.59
2.296,0.76,0.37,-0.99,1.30
2.306,0.54,0.56,-1.93,2.09
2.316,-0.08,0.50,-1.72,1.79
2.326,-0.67,0.11,-1.01,1.22
2.336,-0.89,-0.61,-0.81,1.35
2.346,-0.83,-1.26,-1.17,1.90
2.356,-0.72,-1.44,-1.55,2.23
2.366,-0.80,-1.31,-1.95,2.48
2.376,-1.06,-1.43,-2.10,2.76
2.386,-1.36,-1.94,-2.05,3.13
2.396,-1.54,-2.40,-1.93,3.44
2.406,-1.62,-2.43,-1.90,3.49
2.416,-1.67,-2.30,-1.93,3.43
2.426,-1.65,-2.15,-1.98,3.36
2.436,-1.53,-1.99,-2.15,3.31
2.446,-1.26,-1.75,-2.24,3.11
2.456,-0.85,-1.56,-2.25,2.87
2.466,-0.45,-1.41,-2.18,2.63
2.476,-0.00,-1.12,-2.08,2.36
2.486,0.45,-0.62,-2.09,2.23
2.496,0.86,-0.01,-2.25,2.41
2.505,1.24,0.56,-2.36,2.72
2.516,1.69,1.21,-2.42,3.19
2.526,2.10,2.00,-2.37,3.74
2.535,1.94,2.86,-1.80,3.89
2.546,1.48,3.29,-1.50,3.91
2.556,1.03,3.44,-1.36,3.84
2.565,0.56,3.73,-1.34,4.00
2.575,-0.01,4.12,-1.61,4.42
2.585,-0.99,5.04,-1.81,5.45
2.596,-2.48,6.34,-1.85,7.06
2.605,-4.03,7.13,-2.22,8.48
2.615,-5.12,6.93,-1.95,8.84
2.625,-5.59,6.20,-1.10,8.42
2.635,-5.46,5.17,-0.42,7.53
2.645,-4.76,3.80,-0.78,6.14
2.655,-3.46,2.42,-1.32,4.42
2.665,-2.18,1.26,-1.07,2.73
2.675,-1.45,0.04,-0.83,1.67
2.685,-0.91,-2.18,-1.01,2.56
2.695,-0.87,-4.99,-1.46,5.27
2.705,-0.97,-6.69,-2.93,7.37
2.715,-1.04,-7.23,-3.39,8.05
2.725,-0.84,-6.69,-2.02,7.04
2.735,-0.46,-4.63,-1.11,4.79
2.745,0.43,-1.76,-1.09,2.12
2.755,1.19,0.83,-0.41,1.51
2.765,1.85,2.41,-0.48,3.07
2.775,2.31,3.03,-0.29,3.82
2.785,2.54,3.01,0.59,3.98
2.795,2.50,2.35,1.12,3.61
2.805,2.26,1.75,1.15,3.08
2.815,2.20,1.31,1.13,2.80
2.825,2.41,1.06,1.05,2.83
2.835,2.45,0.74,0.66,2.65
2.845,2.26,0.37,0.59,2.36
2.855,2.00,0.27,0.89,2.21
2.865,1.88,0.07,1.24,2.26
2.875,1.91,0.11,1.88,2.68
2.885,1.98,0.11,2.31,3.04
2.895,2.12,0.12,2.54,3.31
2.905,2.41,0.14,2.60,3.54
2.915,2.77,0.08,2.44,3.69
2.924,3.05,0.03,2.28,3.81
2.935,3.22,-0.12,2.18,3.89
2.945,3.22,-0.54,2.14,3.91
2.955,2.90,-1.10,1.74,3.56
2.965,2.51,-1.42,1.28,3.15
2.974,2.42,-1.47,0.79,2.94
2.984,2.60,-1.58,0.71,3.12
2.995,2.57,-1.91,0.95,3.34
3.004,2.25,-2.31,0.75,3.31
3.015,1.84,-2.52,0.19,3.12
3.024,1.29,-2.36,-0.73,2.79
3.034,0.67,-1.76,-1.37,2.32
3.044,-0.00,-0.98,-1.58,1.86
3.054,-0.66,-0.06,-1.72,1.85
3.065,-1.18,0.96,-1.83,2.38
3.075,-1.60,1.81,-2.08,3.19
3.084,-2.06,2.61,-2.62,4.23
3.095,-2.63,3.87,-3.31,5.74
3.104,-2.96,6.09,-3.97,7.85
3.115,-1.99,7.43,-4.19,8.76
3.124,-0.34,5.85,-3.66,6.91
3.134,0.66,2.91,-4.50,5.40
3.145,1.38,0.79,-4.49,4.76
3.154,1.91,0.29,-1.57,2.49
3.165,1.30,1.43,0.93,2.15
3.174,-0.69,2.86,1.88,3.49
3.184,-2.15,3.25,1.72,4.26
3.194,-2.02,2.75,0.65,3.47
3.204,-0.90,1.83,0.64,2.14
3.215,0.49,0.95,0.54,1.20
3.224,1.91,-0.06,-0.02,1.91
3.234,3.21,-1.31,-0.24,3.48
3.244,4.06,-2.64,-0.35,4.85
3.254,4.35,-3.97,-0.40,5.90
3.265,4.16,-5.18,-0.17,6.64
3.274,3.60,-6.00,-0.06,7.00
3.284,2.76,-5.86,-0.88,6.54
3.295,1.46,-5.31,-0.38,5.52
3.304,0.34,-4.09,0.29,4.11
3.314,-0.21,-1.60,0.29,1.64
3.324,-0.56,1.16,-0.09,1.29
3.334,-0.70,3.36,0.01,3.43
3.344,-0.60,4.26,0.11,4.30
3.354,-0.57,4.16,0.06,4.20
3.364,-0.62,3.33,0.55,3.43
3.374,-0.50,1.52,1.04,1.90
3.384,-0.21,-0.51,0.90,1.06
3.394,0.01,-1.72,0.44,1.78
3.404,0.01,-1.75,0.19,1.76
3.414,0.01,-1.45,0.17,1.46
3.424,0.25,-1.26,0.10,1.29
3.434,0.76,-1.28,-0.03,1.49
3.444,1.46,-1.41,-0.27,2.04
3.454,2.04,-1.57,-0.79,2.70
3.464,1.89,-1.68,-0.90,2.68
3.474,1.20,-1.51,-0.83,2.10
3.484,0.53,-1.20,-0.84,1.56
3.494,-0.35,-1.12,-0.81,1.43
3.504,-1.53,-1.53,-0.51,2.22
3.514,-2.41,-2.33,-0.06,3.35
3.523,-2.98,-2.97,0.12,4.21
3.534,-3.24,-3.10,-0.12,4.48
3.544,-2.95,-3.00,-0.45,4.23
3.554,-2.60,-2.92,-0.78,3.99
3.564,-2.31,-2.82,-0.63,3.70
3.573,-1.81,-2.53,-0.27,3.12
3.584,-1.09,-2.01,-0.29,2.31
3.594,-0.25,-1.40,-1.06,1.77
3.604,0.53,-0.87,-2.23,2.45
3.614,0.67,-0.05,-2.92,3.00
3.624,0.17,0.73,-2.93,3.02
3.634,-0.41,1.17,-2.52,2.81
3.644,-0.47,1.55,-2.02,2.60
3.653,-0.05,1.61,-1.80,2.42
3.664,0.55,1.24,-2.11,2.51
3.673,0.97,1.17,-2.25,2.71
3.683,0.90,1.63,-2.03,2.75
3.694,0.17,2.51,-1.97,3.20
3.703,-0.93,3.83,-2.10,4.46
3.714,-2.21,5.30,-2.07,6.11
3.723,-3.37,6.41,-2.56,7.68
3.733,-4.41,6.78,-3.04,8.64
3.743,-5.11,5.75,-3.17,8.32
3.753,-4.89,3.24,-2.39,6.34
3.763,-4.02,0.70,-2.34,4.70
3.773,-2.59,-1.15,-2.70,3.91
3.783,-0.85,-1.60,-2.91,3.43
3.793,0.64,-1.39,-2.42,2.87
3.803,1.35,-1.25,-1.50,2.37
3.813,1.50,-1.39,-0.52,2.11
3.823,1.29,-1.60,0.30,2.07
3.833,0.95,-2.84,-0.10,3.00
3.843,0.01,-5.39,-1.16,5.51
3.853,-1.47,-5.25,-1.15,5.58
3.863,-1.94,-2.65,-1.16,3.48
3.873,-1.38,1.28,-0.22,1.90
3.883,-0.14,4.41,0.18,4.42
3.893,0.88,6.01,0.51,6.10
3.903,1.36,6.27,0.97,6.49
3.913,1.23,5.33,1.57,5.69
3.923,1.03,3.69,1.84,4.25
3.933,1.26,2.18,1.75,3.06
3.943,2.21,1.15,1.66,3.00
3.953,3.33,-0.01,2.17,3.97
3.963,3.71,-0.74,2.73,4.67
3.973,3.47,-0.61,2.81,4.51
3.983,3.08,-0.51,2.70,4.13
3.993,2.76,-0.44,2.41,3.69
4.003,2.45,-0.62,2.19,3.35
4.013,2.14,-0.60,2.06,3.03
4.023,2.01,-0.42,2.14,2.97
4.033,2.04,-0.37,2.32,3.12
4.043,2.22,-0.48,2.42,3.32
4.053,2.56,-0.79,2.54,3.69
4.063,2.83,-1.09,2.82,4.14
4.073,2.89,-1.40,2.87,4.30
4.082,2.79,-1.62,2.41,4.02
4.093,2.58,-1.88,1.39,3.48
4.103,2.55,-2.10,0.46,3.34
4.113,2.57,-2.29,0.03,3.44
4.123,2.35,-2.47,-0.45,3.43
4.133,1.66,-2.34,-1.48,3.22
4.143,0.76,-1.71,-2.49,3.11
4.152,0.06,-0.51,-2.66,2.71
4.163,-0.43,1.07,-2.07,2.37
4.173,-0.99,2.58,-1.71,3.25
4.182,-1.75,3.34,-2.15,4.34
4.192,-2.99,4.52,-3.58,6.49
4.202,-4.19,7.64,-5.08,10.09
4.213,-3.99,9.51,-4.78,11.37
4.223,-2.29,6.38,-3.90,7.82
4.232,-0.88,1.80,-4.29,4.73
4.242,0.41,0.09,-3.14,3.17
4.252,1.65,0.19,-0.21,1.68
4.262,1.04,1.33,1.41,2.20
4.272,-0.43,1.55,0.95,1.87
4.282,-0.86,0.84,0.17,1.22
4.292,-0.45,0.60,0.01,0.75
4.302,0.37,0.86,0.16,0.95
4.312,1.60,0.93,-0.31,1.88
4.322,2.94,0.47,-0.72,3.06
4.332,3.98,-0.04,-0.30,3.99
4.342,4.55,-0.98,0.01,4.65
4.352,4.38,-2.13,-0.14,4.88
4.362,3.63,-3.18,-0.08,4.83
4.372,2.67,-4.12,0.41,4.92
4.382,1.71,-4.65,-0.72,5.01
4.392,0.79,-4.65,-1.45,4.93
4.402,0.05,-4.17,-0.38,4.19
4.413,-0.38,-2.97,0.05,3.00
4.422,-0.65,-1.27,0.04,1.43
4.432,-0.76,0.70,-0.10,1.03
4.442,-0.88,2.41,-0.63,2.64
4.452,-1.00,3.60,-0.42,3.76
4.462,-0.93,4.09,0.67,4.25
4.472,-0.53,2.87,1.21,3.16
4.482,-0.17,0.49,1.19,1.29
4.492,0.18,-1.33,0.89,1.62
4.502,0.48,-2.25,0.36,2.33
4.512,0.58,-2.60,0.62,2.74
4.522,0.60,-2.59,1.16,2.90
4.532,0.87,-2.61,0.93,2.90
4.542,1.36,-2.69,0.24,3.03
4.552,1.61,-2.40,-0.68,2.97
4.562,1.41,-1.87,-1.12,2.59
4.572,0.91,-1.61,-1.40,2.32
4.582,0.32,-1.70,-1.57,2.34
4.592,-0.41,-1.97,-1.26,2.38
4.602,-1.29,-2.25,-0.91,2.75
4.612,-2.08,-2.51,-0.54,3.30
4.622,-2.68,-2.74,-0.14,3.84
4.632,-2.99,-2.87,-0.08,4.14
4.641,-2.92,-2.90,-0.53,4.15
4.651,-2.82,-2.70,-1.03,4.04
4.662,-2.83,-2.14,-1.04,3.70
4.672,-2.56,-1.30,-0.99,3.04
4.681,-1.81,-0.72,-1.57,2.50
4.691,-0.92,-0.41,-2.27,2.48
4.702,-0.21,-0.15,-2.78,2.79
4.712,0.29,0.16,-3.04,3.06
4.721,0.59,0.43,-3.28,3.36
4.731,0.70,0.65,-3.61,3.73
4.741,0.65,0.86,-3.91,4.06
4.751,0.44,1.47,-3.44,3.77
4.761,-0.10,2.75,-1.95,3.37
4.771,-0.69,4.33,-1.17,4.54
4.781,-1.10,5.52,-1.89,5.94
4.791,-1.67,5.91,-2.32,6.57
4.801,-2.53,5.61,-2.41,6.61
4.812,-3.61,4.50,-2.15,6.16
4.821,-4.42,2.53,-1.61,5.35
4.831,-4.46,0.34,-1.81,4.83
4.841,-3.65,-0.72,-2.21,4.33
4.851,-2.22,-0.37,-2.04,3.04
4.861,-0.75,0.60,-2.17,2.37
4.871,0.26,1.05,-2.27,2.51
4.881,0.60,0.84,-1.75,2.03
4.891,0.50,0.07,-1.14,1.25
4.901,0.29,-1.32,-0.88,1.61
4.911,-0.37,-4.12,-1.58,4.43
4.921,-1.51,-5.10,-2.22,5.76
4.931,-2.13,-3.25,-1.47,4.16
4.941,-1.98,0.12,-0.49,2.04
4.951,-0.93,3.37,0.13,3.50
4.961,0.18,5.47,0.58,5.51
4.971,1.08,6.47,0.95,6.63
4.981,1.42,5.90,1.70,6.30
4.991,1.35,4.09,2.09,4.79
5.001,1.52,2.28,1.84,3.30
5.011,2.57,1.20,1.31,3.12
5.021,4.04,0.21,1.87,4.46
5.031,4.76,-0.63,2.87,5.59
5.041,4.51,-0.91,3.40,5.72
5.051,3.75,-1.13,3.54,5.28
5.061,3.01,-1.08,3.27,4.57
5.071,2.49,-1.01,2.91,3.96
5.081,2.14,-1.03,2.53,3.47
5.091,2.11,-0.61,2.55,3.37
5.101,2.16,-0.34,2.24,3.13
5.111,2.11,-0.55,1.90,2.89
5.121,2.09,-0.92,2.11,3.11
5.131,2.23,-1.05,2.50,3.51
5.141,2.51,-1.31,2.59,3.84
5.151,2.63,-1.88,1.92,3.75
5.161,2.54,-2.24,0.75,3.47
5.171,2.16,-2.72,-0.60,3.53
5.181,1.53,-3.00,-2.11,3.97
5.190,1.38,-2.38,-3.17,4.19
5.201,1.63,-1.31,-3.34,3.94
5.211,1.86,-0.36,-2.70,3.30
5.221,1.71,0.36,-1.97,2.63
5.231,0.61,1.43,-2.34,2.81
5.241,-1.32,3.64,-4.19,5.71
5.251,-2.49,6.16,-4.19,7.85
5.260,-2.36,6.77,-3.88,8.15
5.271,-2.04,4.95,-3.63,6.47
5.281,-1.49,2.88,-2.76,4.26
5.290,-0.70,2.58,-0.90,2.82
5.301,-0.68,3.15,1.04,3.39
5.310,-1.13,2.72,0.84,3.06
5.320,-0.42,1.58,0.37,1.68
5.331,1.27,0.85,-0.12,1.53
5.340,2.85,0.51,-0.25,2.91
5.351,4.18,0.41,-0.55,4.23
5.360,5.14,0.60,-0.56,5.21
5.370,5.39,0.44,-0.61,5.44
5.380,4.88,-0.33,-1.16,5.02
5.391,3.96,-1.51,-1.42,4.47
5.400,2.87,-2.67,-1.26,4.12
5.410,1.81,-3.66,-1.04,4.21
5.420,0.81,-3.83,-2.07,4.43
5.430,-0.49,-2.81,-1.59,3.26
5.440,-1.38,-1.20,-0.40,1.88
5.450,-1.92,0.49,-0.07,1.98
5.460,-2.42,2.19,0.27,3.27
5.470,-2.59,3.35,0.76,4.30
5.480,-2.43,4.06,1.25,4.89
5.490,-1.93,3.49,1.84,4.39
5.500,-1.09,1.51,1.98,2.71
5.510,-0.06,-0.66,1.13,1.31
5.520,0.66,-2.10,0.21,2.21
5.530,0.84,-2.42,0.10,2.56
5.540,0.72,-2.34,-0.02,2.45
5.550,0.57,-3.05,0.21,3.11
5.560,0.87,-2.93,-0.26,3.07
5.570,1.51,-2.56,-0.31,2.99
5.580,1.88,-2.46,-0.67,3.17
5.590,1.63,-2.29,-0.64,2.88
5.600,1.06,-1.97,-0.64,2.33
5.610,0.54,-1.99,-0.76,2.20
5.620,0.04,-2.48,-0.82,2.61
5.630,-0.55,-2.97,-0.71,3.10
5.640,-1.22,-3.23,-0.70,3.52
5.650,-1.96,-3.30,-1.00,3.97
5.660,-2.55,-3.46,-1.38,4.51
5.670,-3.02,-3.46,-1.18,4.74
5.680,-3.10,-3.16,-1.34,4.63
5.690,-2.38,-2.65,-2.23,4.20
5.700,-1.44,-1.92,-3.00,3.84
5.710,-0.89,-0.95,-3.21,3.46
5.720,-0.58,0.16,-2.99,3.05
5.730,-0.33,0.99,-2.76,2.95
5.740,-0.11,1.44,-2.80,3.15
5.750,0.23,1.85,-3.10,3.62
5.760,0.43,2.58,-3.09,4.05
5.770,-0.11,3.74,-2.66,4.59
5.780,-1.71,4.90,-2.18,5.63
5.790,-3.70,5.20,-1.48,6.55
5.799,-5.16,4.59,-0.08,6.90
5.810,-5.42,3.81,0.57,6.65
5.820,-4.52,2.90,0.07,5.38
5.830,-2.98,1.50,-0.88,3.45
5.840,-1.38,0.65,-2.08,2.58
5.850,-0.06,0.77,-2.31,2.44
5.859,0.62,0.99,-2.48,2.74
5.870,0.43,0.49,-2.23,2.32
5.879,-0.22,-0.19,-1.54,1.57
5.890,-0.86,-0.50,-0.60,1.16
5.899,-1.18,-1.05,-0.15,1.58
5.909,-1.55,-3.13,-1.16,3.68
5.919,-2.12,-4.47,-3.34,5.97
5.929,-1.91,-3.38,-2.88,4.83
5.939,-1.16,-0.03,-1.07,1.58
5.949,-0.05,3.15,1.05,3.32
5.959,1.25,4.67,1.93,5.20
5.969,2.24,5.53,1.75,6.22
5.979,2.39,5.31,1.99,6.16
5.989,2.21,4.01,2.01,5.00
5.999,2.41,2.64,1.45,3.85
6.009,3.22,1.33,1.08,3.64
6.019,3.83,-0.17,1.85,4.25
6.029,3.53,-1.18,2.56,4.52
6.039,2.75,-1.28,3.49,4.62
6.049,2.05,-1.29,3.69,4.41
6.059,1.53,-1.09,3.71,4.16
6.069,1.26,-0.91,3.01,3.38
6.079,1.27,-0.35,2.48,2.81
6.089,1.53,0.14,2.23,2.71
6.099,1.89,0.14,1.85,2.65
6.109,2.22,-0.39,1.95,2.98
6.119,2.51,-1.13,2.32,3.59
6.129,2.81,-1.70,2.04,3.86
6.139,3.13,-2.03,0.88,3.83
6.149,3.38,-2.48,0.01,4.19
6.159,3.27,-3.01,0.30,4.46
6.169,2.74,-3.19,0.52,4.24
6.179,2.05,-2.94,-0.15,3.59
6.189,1.33,-2.20,-0.77,2.68
6.199,0.81,-0.71,-1.27,1.67
6.209,0.51,1.05,-1.94,2.26
6.219,0.05,2.28,-2.55,3.42
6.229,-1.28,3.50,-3.84,5.36
6.239,-2.69,5.56,-4.16,7.44
6.249,-2.57,7.43,-3.46,8.59
6.259,-1.42,6.53,-4.13,7.86
6.269,-0.39,3.86,-3.99,5.57
6.279,0.37,2.10,-3.24,3.88
6.289,0.73,2.66,-1.32,3.06
6.299,-0.16,3.46,-0.58,3.52
6.309,-1.29,2.87,-0.81,3.25
6.319,-1.06,2.11,0.16,2.37
6.329,-0.08,1.90,0.55,1.98
6.339,1.07,1.42,0.33,1.81
6.349,2.30,0.56,-0.24,2.38
6.359,3.43,-0.29,-0.89,3.55
6.369,4.08,-1.01,-1.17,4.36
6.378,4.13,-1.54,-1.31,4.59
6.389,3.64,-2.00,-1.36,4.37
6.398,2.69,-2.25,-0.80,3.60
6.408,1.82,-2.39,-0.36,3.03
6.418,1.26,-2.01,-1.25,2.68
6.428,0.56,-1.31,-0.92,1.69
6.439,0.03,-0.28,0.02,0.28
6.448,-0.33,1.14,-0.10,1.19
6.458,-0.74,2.10,0.45,2.27
6.468,-0.97,2.45,0.55,2.69
6.478,-1.16,2.27,0.66,2.63
6.489,-1.31,1.09,0.90,1.93
6.498,-1.29,-0.94,0.98,1.87
6.508,-1.04,-2.71,0.71,2.99
6.518,-0.75,-3.42,0.20,3.50
6.528,-0.52,-3.29,-0.08,3.33
6.538,-0.39,-2.88,0.08,2.91
6.548,-0.25,-3.06,0.69,3.15
6.558,0.36,-2.39,0.98,2.61
6.568,1.31,-2.16,1.20,2.80
6.578,2.12,-2.17,-0.34,3.05
6.588,2.39,-2.19,-1.56,3.60
6.598,1.74,-2.19,-1.46,3.16
6.608,0.79,-2.12,-0.42,2.30
6.618,0.01,-2.43,0.37,2.45
6.628,-0.43,-3.08,0.16,3.11
6.638,-0.75,-3.51,-0.97,3.72
6.648,-1.45,-3.59,-2.21,4.46
6.658,-2.68,-3.42,-2.30,4.92
6.668,-3.78,-3.11,-1.35,5.08
6.678,-3.86,-2.82,-0.38,4.79
6.688,-2.90,-2.37,-0.01,3.75
6.698,-1.55,-1.68,-0.26,2.30
6.708,-0.32,-0.63,-1.38,1.55
6.718,0.38,0.50,-2.55,2.63
6.728,0.65,1.53,-3.10,3.51
6.738,0.72,2.44,-3.17,4.06
6.748,0.72,3.14,-3.07,4.45
6.758,0.55,3.83,-3.02,4.91
6.768,0.06,4.62,-2.60,5.30
6.778,-0.84,4.99,-2.74,5.75
6.788,-2.14,4.95,-3.42,6.38
6.798,-3.67,4.24,-2.81,6.27
6.808,-4.71,2.99,-1.15,5.69
6.818,-4.92,1.43,0.05,5.12
6.828,-4.40,-0.37,-0.67,4.47
6.838,-3.33,-1.63,-1.89,4.16
6.848,-1.96,-1.87,-2.02,3.38
6.858,-0.68,-0.49,-2.82,2.95
6.868,0.19,1.17,-2.94,3.17
6.877,0.29,1.27,-2.60,2.91
6.888,0.01,0.40,-1.79,1.83
6.898,-0.34,-0.33,-0.89,1.01
6.908,-0.60,-1.06,-0.29,1.25
6.918,-0.96,-2.66,-1.72,3.31
6.927,-1.76,-2.99,-3.25,4.76
6.938,-1.74,-0.74,-1.70,2.54
6.948,-1.37,2.76,-0.06,3.08
6.958,-1.03,5.38,2.11,5.87
6.967,-0.29,6.41,2.00,6.72
6.977,0.54,6.13,1.84,6.43
6.988,0.83,4.30,2.09,4.85
6.997,1.01,2.39,1.83,3.17
7.007,2.24,1.50,1.03,2.89
7.017,4.14,1.00,0.63,4.30
7.027,5.52,-0.21,1.40,5.70
7.037,5.39,-1.12,2.91,6.22
7.047,4.28,-1.48,3.93,6.00
7.057,3.12,-1.76,3.99,5.36
7.067,2.26,-1.66,3.54,4.52
7.077,1.72,-1.65,2.63,3.55
7.087,1.36,-1.66,1.86,2.84
7.097,1.32,-1.42,1.61,2.52
7.107,1.50,-1.25,1.61,2.53
7.117,1.85,-1.31,2.13,3.11
7.127,2.50,-1.20,2.66,3.84
7.137,3.40,-1.08,2.86,4.57
7.147,4.00,-1.11,2.45,4.82
7.157,3.86,-1.40,1.26,4.30
7.167,3.34,-2.02,0.37,3.92
7.177,2.85,-2.65,-0.61,3.94
7.187,2.47,-2.98,-1.61,4.19
7.197,2.12,-2.82,-2.23,4.17
7.207,1.67,-1.93,-2.18,3.36
7.217,1.00,-0.41,-1.62,1.95
7.227,0.40,1.36,-1.19,1.86
7.237,-0.02,2.52,-1.62,3.00
7.247,-0.97,3.67,-3.24,4.99
7.257,-2.17,5.16,-4.28,7.04
7.267,-2.30,6.03,-2.91,7.08
7.277,-1.69,5.97,-3.19,6.98
7.287,-1.37,4.52,-5.49,7.24
7.297,-1.21,3.02,-5.25,6.17
7.307,-0.99,3.42,-2.12,4.14
7.317,-1.94,4.56,1.04,5.07
7.327,-3.25,4.78,2.32,6.23
7.337,-2.91,3.61,1.42,4.85
7.347,-0.52,1.64,0.39,1.77
7.357,1.96,0.15,-0.39,2.00
7.367,3.69,-0.63,-0.79,3.82
7.377,4.64,-0.67,-0.87,4.77
7.387,4.99,-0.38,-1.18,5.14
7.397,4.90,-0.23,-1.98,5.29
7.407,4.55,-0.54,-2.29,5.12
7.417,4.04,-1.35,-2.02,4.72
7.427,3.46,-2.34,-1.21,4.35
7.437,2.63,-2.52,-1.74,4.03
7.447,1.24,-1.89,-1.52,2.72
7.457,-0.11,-0.19,-0.18,0.28
7.467,-0.91,1.14,-0.21,1.47
7.476,-1.67,2.29,0.02,2.83
7.486,-1.99,2.75,0.45,3.42
7.496,-1.98,2.56,0.81,3.34
7.507,-1.63,1.37,1.51,2.61
7.517,-0.97,-0.83,1.65,2.08
7.526,-0.33,-2.61,1.04,2.83
7.536,0.17,-3.46,0.41,3.49
7.546,0.36,-3.56,0.29,3.59
7.557,0.43,-3.97,0.58,4.04
7.567,0.37,-3.83,-0.02,3.85
7.576,0.34,-3.03,0.46,3.08
7.587,0.68,-2.83,0.48,2.95
7.596,1.33,-2.89,-0.44,3.21
7.606,1.69,-3.03,-1.26,3.69
7.616,1.63,-3.01,-1.06,3.58
7.626,1.20,-2.99,-0.45,3.25
7.636,0.94,-3.00,-0.94,3.28
7.646,0.14,-2.66,-1.69,3.15
7.656,-1.33,-2.25,-1.97,3.27
7.666,-3.20,-2.13,-1.94,4.31
7.676,-4.68,-2.32,-1.29,5.38
7.686,-5.07,-2.66,-0.71,5.77
7.696,-4.13,-2.95,-0.69,5.12
7.706,-2.33,-3.03,-1.43,4.08
7.716,-1.00,-2.43,-2.18,3.42
7.726,-0.56,-1.23,-2.77,3.08
7.736,-0.52,-0.04,-3.16,3.20
7.746,-0.52,0.86,-3.31,3.46
7.756,-0.43,1.65,-3.42,3.82
7.766,-0.24,2.50,-3.49,4.30
7.776,-0.28,3.41,-3.24,4.71
7.786,-0.91,4.56,-2.48,5.27
7.796,-2.18,5.88,-2.09,6.61
7.806,-4.09,6.39,-1.56,7.75
7.816,-5.68,5.20,-0.63,7.72
7.826,-5.72,2.97,-0.23,6.45
7.836,-4.02,0.63,-1.13,4.23
7.846,-1.60,-0.87,-2.73,3.28
7.856,0.34,-0.98,-3.98,4.12
7.866,1.19,-0.12,-3.55,3.74
7.876,1.04,0.47,-3.02,3.23
7.886,0.32,0.08,-1.97,1.99
7.896,-0.41,-0.35,-0.87,1.03
7.906,-0.86,-0.45,-0.15,0.98
7.916,-1.15,-1.23,-0.02,1.68
7.926,-1.59,-2.72,-2.22,3.85
7.936,-2.05,-2.03,-2.38,3.74
7.946,-1.59,0.88,-0.87,2.01
7.956,-0.97,4.13,0.64,4.29
7.966,-0.34,6.08,2.15,6.45
7.975,0.38,6.60,1.88,6.87
7.986,0.92,5.61,2.08,6.06
7.996,0.86,3.67,2.01,4.28
8.006,0.89,2.10,1.54,2.75
8.016,2.10,1.52,0.69,2.68
8.025,3.79,0.97,0.93,4.02
8.035,4.85,-0.38,2.17,5.32
8.046,4.65,-1.09,3.58,5.97
8.056,3.83,-1.37,4.24,5.88
8.066,2.93,-1.60,4.12,5.31
8.075,2.36,-1.66,3.67,4.67
8.085,1.87,-1.68,2.78,3.75
8.095,1.59,-1.37,2.05,2.93
8.106,1.65,-0.79,1.82,2.58
8.115,1.91,-0.66,1.91,2.78
8.125,2.20,-1.11,2.34,3.39
8.135,2.49,-1.59,2.81,4.08
8.145,2.87,-1.81,2.93,4.48
8.155,2.97,-1.93,2.42,4.29
8.165,2.63,-1.92,1.37,3.53
8.175,2.14,-1.78,0.69,2.87
8.185,1.91,-2.08,0.96,2.98
8.195,2.06,-2.71,0.47,3.44
8.205,2.37,-2.99,-1.17,3.99
8.215,2.60,-2.68,-2.72,4.62
8.225,2.58,-1.70,-3.04,4.33
8.235,2.26,-0.27,-2.88,3.67
8.245,1.74,1.06,-2.84,3.49
8.255,0.83,2.79,-3.02,4.19
8.265,-0.35,5.60,-4.09,6.94
8.275,-1.33,8.68,-5.69,10.46
8.285,-2.24,8.77,-5.63,10.66
8.295,-2.84,5.88,-4.73,8.06
8.305,-2.49,3.79,-4.28,6.24
8.315,-1.75,4.01,-1.49,4.62
8.325,-1.92,4.75,1.98,5.49
8.335,-2.75,4.17,2.42,5.55
8.345,-2.41,2.59,1.41,3.81
8.355,-0.80,1.16,0.46,1.49
8.365,1.00,0.15,-0.59,1.17
8.375,2.60,-0.54,-1.34,2.98
8.385,3.90,-0.95,-1.45,4.27
8.395,4.69,-1.19,-1.46,5.05
8.405,4.86,-1.45,-1.54,5.30
8.415,4.59,-1.89,-1.48,5.18
8.425,3.91,-2.51,-1.12,4.78
8.435,2.90,-2.71,-0.82,4.06
8.445,1.93,-2.45,-1.52,3.47
8.455,0.76,-1.30,-0.88,1.74
8.465,-0.32,0.52,0.03,0.62
8.475,-1.13,2.10,0.63,2.47
8.485,-1.61,2.87,0.46,3.32
8.494,-1.98,2.68,0.72,3.41
8.505,-2.09,2.28,0.97,3.24
8.515,-1.54,0.37,1.46,2.16
8.525,-0.90,-1.76,1.78,2.66
8.534,-0.29,-3.17,0.71,3.27
8.545,0.12,-3.88,-0.72,3.95
8.555,0.09,-3.94,-0.77,4.02
8.564,-0.03,-3.61,0.56,3.65
8.575,0.20,-3.25,1.25,3.49
8.585,0.85,-3.06,0.93,3.31
8.594,1.65,-3.02,-0.39,3.47
8.605,2.05,-2.78,-1.77,3.89
8.615,1.62,-2.60,-1.81,3.56
8.625,0.67,-2.36,-1.32,2.79
8.634,-0.27,-2.18,-0.81,2.34
8.644,-1.01,-2.40,-0.35,2.63
8.655,-1.57,-3.12,-0.30,3.51
8.664,-1.92,-3.52,-0.80,4.09
8.674,-2.22,-3.49,-1.58,4.43
8.684,-2.76,-3.26,-1.91,4.68
8.694,-3.39,-2.87,-1.78,4.79
8.704,-3.50,-2.24,-1.48,4.41
8.714,-2.83,-1.47,-1.47,3.51
8.725,-1.91,-0.51,-1.73,2.63
8.734,-1.29,0.51,-2.01,2.45
8.744,-1.06,1.46,-2.16,2.82
8.754,-1.05,2.26,-2.44,3.49
8.764,-0.94,2.94,-2.96,4.28
8.774,-0.99,3.65,-3.01,4.84
8.784,-1.64,4.46,-2.55,5.39
8.794,-2.78,5.28,-2.39,6.43
8.804,-3.95,5.58,-2.37,7.24
8.814,-4.72,4.92,-1.67,7.02
8.824,-4.69,3.34,-0.69,5.80
8.834,-3.90,1.58,-0.98,4.32
8.844,-2.62,0.03,-2.29,3.48
8.854,-1.18,-0.71,-3.14,3.43
8.864,0.00,-0.39,-3.34,3.37
8.874,0.78,0.82,-3.89,4.06
8.884,0.57,1.12,-3.30,3.53
8.894,-0.09,0.32,-2.07,2.10
8.904,-0.64,-0.55,-1.04,1.34
8.914,-0.87,-1.39,-0.44,1.70
8.924,-1.18,-3.12,-0.59,3.39
8.934,-1.64,-4.54,-3.32,5.86
8.944,-1.82,-1.92,-3.27,4.20
8.954,-1.18,2.32,-0.69,2.69
8.964,-0.53,5.54,0.96,5.64
8.974,0.03,7.09,2.39,7.48
8.984,0.69,6.96,2.82,7.54
8.994,0.86,5.05,3.23,6.05
9.004,0.79,2.48,3.01,3.98
9.014,1.60,1.23,1.87,2.75
9.024,3.35,0.89,1.19,3.66
9.034,4.88,-0.24,1.67,5.16
9.044,5.08,-1.44,2.82,5.99
9.054,4.30,-1.76,3.70,5.94
9.064,3.36,-2.03,3.78,5.45
9.074,2.79,-1.86,3.61,4.93
9.084,2.36,-1.62,3.52,4.53
9.093,1.93,-1.55,2.76,3.71
9.104,1.61,-0.98,1.88,2.66
9.113,1.54,-0.65,1.68,2.37
9.124,1.88,-0.80,1.84,2.75
9.134,2.60,-0.94,2.34,3.62
9.143,3.32,-0.79,2.87,4.46
9.154,3.57,-0.83,2.87,4.66
9.164,3.16,-1.44,1.72,3.87
9.173,2.66,-2.20,0.65,3.51
9.184,2.44,-2.86,-0.38,3.78
9.193,2.50,-3.19,-2.03,4.53
9.204,2.77,-3.04,-2.84,5.00
9.213,2.62,-2.48,-2.44,4.35
9.224,1.91,-1.58,-1.85,3.10
9.233,0.85,-0.54,-2.08,2.31
9.243,-0.46,1.03,-2.38,2.63
9.253,-1.95,3.94,-2.96,5.30
9.263,-3.00,7.31,-3.58,8.68
9.273,-3.16,9.03,-3.00,10.03
9.283,-2.85,7.34,-3.49,8.61
9.293,-2.33,3.93,-4.24,6.23
9.303,-1.13,2.98,-2.94,4.34
9.313,0.06,3.59,-1.20,3.79
9.323,-0.28,3.57,-0.54,3.62
9.333,-0.66,2.71,-0.36,2.81
9.343,-0.11,2.19,-0.24,2.21
9.353,0.64,1.84,-0.13,1.96
9.363,1.51,1.20,-0.50,1.99
9.373,2.66,0.46,-1.07,2.91
9.383,3.75,-0.21,-1.32,3.98
9.393,4.20,-0.74,-1.24,4.45
9.403,4.00,-1.06,-1.28,4.33
9.413,3.41,-1.20,-1.73,4.00
9.423,2.67,-1.34,-1.56,3.37
9.433,1.97,-1.38,-1.41,2.79
9.443,1.27,-1.05,-1.62,2.31
9.453,0.28,-0.53,-1.08,1.23
9.463,-0.69,0.13,0.21,0.73
9.473,-1.19,1.07,-0.02,1.60
9.483,-1.75,1.78,0.30,2.51
9.493,-2.14,1.99,0.82,3.04
9.503,-2.17,1.44,1.29,2.90
9.513,-1.56,-0.11,1.55,2.20
9.523,-0.74,-1.90,1.23,2.38
9.533,-0.23,-3.05,0.60,3.11
9.543,0.00,-3.40,0.55,3.45
9.553,0.29,-3.50,0.94,3.64
9.563,0.76,-4.12,0.81,4.26
9.573,1.20,-3.54,-0.01,3.74
9.583,1.55,-2.95,0.65,3.39
9.593,1.87,-2.67,0.66,3.33
9.603,2.23,-2.69,-0.23,3.50
9.612,2.25,-2.82,-1.11,3.77
9.623,1.67,-2.74,-1.11,3.40
9.633,0.63,-2.49,-0.42,2.60
9.643,-0.41,-2.25,0.00,2.28
9.653,-0.87,-2.33,-0.67,2.58
9.663,-1.18,-2.54,-1.41,3.13
9.673,-2.07,-2.74,-1.84,3.90
9.683,-3.22,-3.05,-1.71,4.76
9.693,-3.92,-3.23,-1.23,5.23
9.702,-3.75,-3.01,-1.38,5.01
9.712,-2.94,-2.27,-2.13,4.28
9.723,-2.18,-0.99,-2.66,3.58
9.733,-1.69,0.44,-3.13,3.58
9.742,-1.29,1.33,-3.67,4.11
9.752,-1.07,1.79,-4.13,4.62
9.762,-1.06,2.13,-4.49,5.08
9.772,-1.26,2.89,-4.30,5.33
9.782,-2.03,4.11,-3.20,5.59
9.792,-3.68,5.25,-1.63,6.62
9.802,-5.39,5.29,-0.58,7.58
9.812,-5.93,3.61,-0.03,6.94
9.822,-4.94,1.44,-0.16,5.15
9.832,-3.22,-0.31,-1.64,3.63
9.842,-1.39,-1.53,-3.26,3.87
9.852,0.32,-1.82,-3.74,4.17
9.862,1.48,-0.70,-3.34,3.72
9.872,1.86,1.36,-2.78,3.61
9.882,1.46,2.66,-2.76,4.10
9.892,0.41,1.94,-1.92,2.76
9.902,-0.51,0.82,-1.04,1.42
9.912,-1.11,-0.06,-0.12,1.12
9.922,-1.41,-1.28,-0.34,1.93
9.932,-1.78,-2.09,-2.64,3.81
9.942,-1.85,-0.56,-2.43,3.10
9.952,-1.40,2.60,-0.57,3.00
9.962,-0.76,5.19,1.56,5.47
9.972,0.09,6.43,2.33,6.84
9.982,0.57,6.20,2.62,6.75
9.992,0.88,4.35,3.23,5.49
10.002,1.80,2.86,2.08,3.97
10.012,3.43,2.28,0.88,4.21
10.022,5.04,1.48,0.93,5.34
10.032,5.59,-0.23,2.24,6.02
10.042,4.93,-1.62,3.58,6.30
10.052,3.82,-1.94,4.32,6.08
10.062,2.92,-1.84,4.28,5.50
10.072,2.27,-1.49,3.73,4.62
10.082,1.75,-1.30,3.06,3.76
10.092,1.47,-0.99,2.70,3.23
10.102,1.49,-0.75,2.27,2.82
10.112,1.74,-1.06,1.79,2.72
10.122,2.17,-1.74,1.95,3.40
10.132,2.70,-2.21,2.66,4.39
10.142,3.21,-2.48,2.15,4.59
10.152,3.51,-2.24,1.36,4.38
10.162,3.42,-1.71,1.75,4.21
10.172,3.12,-1.64,1.42,3.80
10.182,2.63,-1.76,0.13,3.17
10.192,2.29,-1.80,-1.50,3.28
10.202,2.32,-1.21,-2.42,3.57
10.212,2.28,0.15,-2.41,3.32
10.222,1.88,1.31,-1.97,3.02
10.231,1.03,2.11,-2.39,3.35
10.242,-0.38,3.56,-3.91,5.30
10.251,-1.75,5.69,-3.07,6.70
10.262,-2.50,8.00,-0.99,8.44
10.272,-2.76,8.65,-2.83,9.51
10.281,-2.88,6.52,-5.88,9.24
10.292,-2.72,4.79,-5.31,7.65
10.302,-2.39,5.36,-1.42,6.04
10.311,-3.01,4.99,1.12,5.94
10.322,-2.14,3.16,-0.03,3.82
10.331,0.91,0.99,-0.63,1.49
10.342,4.10,-0.42,-0.73,4.19
10.351,5.92,-0.98,-1.09,6.10
10.361,6.00,-1.05,-1.09,6.19
10.372,5.03,-0.92,-1.34,5.28
10.381,3.93,-0.90,-2.01,4.50
10.391,3.07,-1.23,-2.50,4.14
10.401,2.35,-1.90,-2.84,4.15
10.411,1.59,-2.82,-3.56,4.81
10.421,0.37,-3.30,-2.41,4.10
10.431,-0.26,-2.46,-2.15,3.28
10.441,-1.06,-1.49,-1.08,2.12
10.451,-1.95,-0.11,-0.22,1.97
10.461,-2.36,2.56,0.59,3.53
10.471,-2.03,3.39,0.75,4.03
10.481,-1.44,2.69,0.88,3.18
10.491,-0.88,0.81,1.29,1.75
10.501,-0.40,-1.55,1.85,2.44
10.511,-0.13,-3.21,1.64,3.60
10.521,-0.16,-3.72,1.05,3.87
10.531,-0.38,-3.51,1.06,3.69
10.541,-0.47,-3.02,1.44,3.38
10.551,-0.24,-2.84,1.56,3.25
10.561,0.48,-2.92,0.88,3.09
10.571,1.43,-3.01,-0.35,3.35
10.581,2.13,-3.13,-0.93,3.90
10.591,2.24,-3.11,-0.99,3.95
10.601,1.71,-3.06,-0.89,3.62
10.611,0.38,-2.87,-0.67,2.98
10.621,-1.08,-2.63,-0.94,3.00
10.631,-2.11,-2.73,-1.34,3.70
10.641,-2.87,-3.05,-1.33,4.39
10.651,-3.41,-3.40,-1.57,5.06
10.661,-3.74,-3.56,-1.65,5.42
10.671,-3.62,-3.53,-1.76,5.36
10.681,-2.98,-3.12,-2.20,4.85
10.691,-2.09,-2.34,-2.60,4.07
10.701,-1.30,-1.24,-2.77,3.30
10.711,-0.97,-0.14,-2.78,2.95
10.721,-0.97,0.97,-2.78,3.10
10.731,-1.04,1.92,-2.85,3.59
10.741,-1.25,2.72,-2.84,4.13
10.751,-1.55,3.31,-2.87,4.64
10.761,-1.68,3.81,-2.73,4.98
10.771,-1.94,4.62,-2.34,5.53
10.781,-2.90,5.41,-1.72,6.38
10.791,-4.64,5.17,-0.99,7.01
10.801,-5.73,3.32,-1.13,6.72
10.810,-5.21,0.93,-2.11,5.69
10.821,-3.33,-1.03,-3.90,5.23
10.831,-1.14,-1.68,-5.32,5.69
10.841,0.54,-0.56,-5.26,5.32
10.851,1.46,1.72,-4.96,5.45
10.860,1.33,2.52,-4.12,5.01
10.871,0.73,1.54,-2.50,3.02
10.880,0.11,0.48,-1.21,1.31
10.891,-0.46,-1.05,-0.56,1.28
10.901,-1.30,-4.17,-1.72,4.69
10.910,-2.58,-4.79,-3.27,6.34
10.921,-2.52,-1.53,-2.46,3.84
10.930,-2.01,3.07,-0.80,3.76
10.941,-1.44,6.99,0.87,7.19
10.950,-0.54,8.36,0.54,8.40
10.960,-0.27,7.16,1.07,7.24
10.970,-0.00,4.39,2.06,4.85
10.980,1.48,2.61,1.45,3.33
10.990,4.05,1.63,0.64,4.41
11.000,6.18,0.16,1.19,6.30
11.010,6.59,-1.70,3.07,7.46
11.020,5.45,-3.03,4.02,7.42
11.030,4.17,-2.93,3.95,6.45
11.040,3.50,-2.23,3.39,5.36
11.050,3.11,-1.65,2.85,4.53
11.060,2.70,-1.19,2.47,3.85
11.070,2.43,-0.72,2.24,3.38
11.080,2.53,-0.18,2.28,3.41
11.090,2.93,0.09,2.38,3.78
11.100,3.42,-0.20,2.70,4.36
11.110,3.71,-0.85,3.03,4.87
11.120,3.86,-1.20,2.85,4.95
11.130,3.92,-1.14,1.99,4.54
11.140,3.71,-1.07,1.26,4.06
11.150,3.10,-1.39,0.82,3.49
11.160,2.21,-2.01,0.43,3.02
11.170,1.63,-2.52,-0.08,3.00
11.180,1.30,-2.66,-0.66,3.04
11.190,0.62,-2.43,-1.60,2.98
11.200,-0.25,-1.86,-2.43,3.07
11.210,-1.08,-1.04,-2.52,2.93
11.220,-1.83,-0.20,-2.38,3.01
11.230,-2.81,0.83,-1.56,3.32
11.240,-3.86,2.03,-1.73,4.69
11.250,-4.65,1.01,-3.94,6.18
11.260,-4.68,1.90,-4.33,6.65
11.270,-2.17,6.77,-4.03,8.17
11.280,1.03,8.22,-4.33,9.35
11.290,1.70,5.48,-3.21,6.57
11.300,0.89,4.25,-0.18,4.35
11.310,0.09,4.89,3.08,5.78
11.320,-1.33,4.27,1.78,4.81
11.329,-1.77,2.30,0.18,2.91
11.340,-0.78,0.85,-1.03,1.55
11.350,0.68,-0.20,-2.00,2.12
11.360,2.14,-0.86,-2.47,3.38
11.370,3.44,-1.01,-2.10,4.15
11.379,4.31,-0.91,-1.28,4.59
11.390,4.35,-0.95,-0.91,4.55
11.400,3.76,-1.32,-1.26,4.18
11.409,2.78,-2.40,-1.80,4.09
11.420,1.97,-2.35,-1.39,3.36
11.429,1.29,-1.77,-0.47,2.24
11.440,0.45,-1.62,-0.54,1.77
11.449,-0.36,-1.21,-1.27,1.79
11.460,-1.05,-0.44,-0.41,1.21
11.469,-1.53,0.41,0.67,1.72
11.479,-1.83,1.09,0.43,2.18
11.489,-2.03,1.34,0.36,2.46
11.499,-2.03,0.89,0.87,2.38
11.509,-1.69,-0.16,0.99,1.97
11.519,-1.12,-1.30,0.48,1.78
11.529,-0.64,-2.39,0.16,2.48
11.539,-0.30,-3.28,-0.43,3.33
11.549,-0.06,-3.81,-1.18,3.99
11.559,-0.01,-3.92,-1.30,4.13
11.569,-0.09,-3.91,-0.84,4.00
11.579,-0.08,-3.62,-0.49,3.65
11.589,0.21,-3.03,-0.39,3.07
11.599,0.84,-2.72,-0.80,2.96
11.609,1.60,-2.69,-1.34,3.41
11.619,2.16,-2.69,-1.99,3.98
11.629,2.35,-2.39,-2.74,4.33
11.639,2.21,-1.92,-2.64,3.94
11.649,1.73,-1.38,-2.00,2.99
11.659,1.06,-1.23,-1.53,2.23
11.669,0.39,-1.42,-1.05,1.81
11.679,0.03,-1.67,-0.86,1.88
11.689,0.16,-2.00,-1.31,2.40
11.699,0.47,-2.55,-2.05,3.30
11.709,0.62,-2.95,-3.04,4.29
11.719,0.50,-3.12,-3.83,4.96
11.729,0.06,-3.12,-4.15,5.19
11.739,-0.58,-2.81,-4.05,4.96
11.749,-1.15,-2.33,-3.83,4.63
11.759,-1.37,-2.10,-3.49,4.30
11.769,-1.49,-2.16,-3.35,4.25
11.779,-2.02,-2.50,-3.73,4.92
11.789,-2.32,-3.45,-3.78,5.62
11.799,-2.04,-3.85,-2.23,4.89
11.809,-1.44,-3.16,-1.42,3.75
11.819,-0.39,-2.05,-2.16,3.00
11.829,0.94,-1.29,-3.39,3.74
11.839,2.00,-1.11,-4.55,5.09
11.849,3.02,-1.78,-5.73,6.71
11.859,3.73,-2.59,-6.38,7.83
11.868,3.60,-2.81,-5.73,7.33
11.878,3.08,-2.69,-4.67,6.21
11.889,2.69,-2.57,-3.94,5.42
11.899,2.45,-1.95,-3.46,4.67
11.909,2.37,-0.57,-3.53,4.29
11.918,2.11,1.06,-3.89,4.55
11.928,1.69,2.92,-3.81,5.09
11.939,0.92,5.12,-3.19,6.10
11.949,0.19,7.67,-3.41,8.40
11.959,-0.72,10.17,-3.55,10.79
11.968,-1.48,11.68,-3.35,12.24
11.978,-1.35,10.42,-1.04,10.55
11.989,-0.20,6.42,1.42,6.58
11.999,0.66,2.94,1.95,3.59
12.009,1.17,0.47,1.53,1.99
12.018,1.24,-2.14,0.53,2.53
12.028,1.06,-4.22,-0.85,4.43
12.039,0.98,-4.08,-2.69,4.99
12.048,1.42,-3.92,-4.85,6.40
12.058,1.97,-2.57,-5.06,6.01
12.068,2.64,-1.27,-4.09,5.03
12.078,3.33,-0.23,-3.27,4.67
12.088,4.01,0.62,-2.39,4.70
12.098,4.56,1.21,-0.98,4.82
12.108,5.11,1.96,0.05,5.47
12.118,5.63,1.94,0.78,6.01
12.128,5.91,1.59,1.33,6.26
12.138,6.04,1.33,1.07,6.27
12.148,6.18,1.32,0.44,6.34
12.159,5.93,0.60,0.42,5.98
12.168,5.41,-0.24,0.75,5.46
12.178,4.58,-0.71,1.18,4.78
12.188,3.26,-0.79,1.69,3.75
12.198,1.36,-1.12,2.07,2.72
12.208,-0.84,-1.63,1.87,2.62
12.218,-3.03,-2.23,1.11,3.92
12.228,-4.51,-2.62,-0.91,5.29
12.238,-4.75,-2.93,-3.40,6.54
12.248,-4.17,-3.47,-4.98,7.36
12.258,-2.85,-3.71,-4.70,6.63
12.268,-0.45,-2.86,-1.95,3.49
12.278,2.09,-1.39,1.39,2.87
12.288,4.22,-0.14,2.73,5.03
12.298,5.48,0.66,1.05,5.62
12.308,5.48,1.21,-1.99,5.96
12.318,4.58,1.76,-3.98,6.32
12.328,3.52,2.82,-4.59,6.43
12.338,1.22,4.99,-4.64,6.92
12.348,-2.31,9.13,-3.16,9.93
12.358,-4.60,13.88,2.06,14.76
12.368,-4.13,14.51,8.67,17.40
12.378,-0.67,9.93,10.61,14.54
12.388,2.76,5.44,6.56,8.96
12.398,4.16,1.75,1.16,4.66
12.408,4.64,-0.41,-3.56,5.86
12.418,3.96,-0.88,-7.77,8.76
12.428,2.46,-0.13,-11.86,12.11
12.438,1.90,0.77,-12.46,12.62
12.448,2.58,1.66,-8.42,8.96
12.458,2.86,2.32,-1.69,4.05
12.468,2.60,1.84,5.96,6.76
12.478,2.35,-0.53,6.44,6.87
12.487,1.64,-3.19,2.51,4.38
12.498,0.79,-4.27,-0.96,4.45
12.508,-0.23,-4.46,-3.28,5.54
12.517,-1.37,-3.77,-2.54,4.75
12.527,-2.04,-2.53,-0.73,3.33
12.538,-2.03,-1.57,-0.79,2.68
12.547,-1.19,-0.84,-1.45,2.05
12.558,0.05,-0.51,-1.70,1.77
12.567,0.98,-0.63,-1.74,2.09
12.577,1.30,-1.26,-1.79,2.54
12.587,1.27,-1.93,-1.57,2.80
12.597,1.02,-2.35,-1.77,3.12
12.607,0.46,-2.46,-2.18,3.32
12.617,-0.29,-2.40,-2.25,3.31
12.627,-0.91,-2.12,-2.13,3.14
12.637,-1.24,-1.61,-1.77,2.69
12.647,-1.27,-1.14,-1.45,2.24
12.657,-0.86,-0.96,-1.16,1.73
12.667,0.09,-0.93,-0.85,1.26
12.677,1.42,-1.31,-0.94,2.15
12.687,2.13,-1.05,-1.16,2.64
12.697,2.46,-0.63,-1.85,3.14
12.707,2.65,-0.11,-2.27,3.49
12.717,2.72,0.40,-2.36,3.63
12.727,2.67,0.85,-2.45,3.72
12.737,2.54,1.18,-2.28,3.61
12.747,2.29,1.50,-2.10,3.45
12.757,2.06,1.30,-2.12,3.23
12.767,1.93,0.84,-2.01,2.91
12.777,1.76,1.19,-1.84,2.81
12.787,1.89,2.27,-2.02,3.58
12.797,2.09,3.50,-2.41,4.74
12.807,1.71,4.55,-2.35,5.40
12.817,0.73,5.26,-2.09,5.70
12.827,-0.39,5.01,-1.98,5.41
12.837,-1.68,4.12,-2.10,4.92
12.847,-2.91,2.87,-2.51,4.80
12.857,-3.99,1.34,-2.48,4.88
12.867,-4.96,-0.07,-1.80,5.27
12.877,-5.65,-1.14,-1.08,5.86
12.887,-5.71,-1.95,-0.53,6.05
12.897,-4.90,-2.32,-0.67,5.46
12.907,-3.41,-1.60,-1.31,3.99
12.917,-1.51,-0.57,-1.63,2.29
12.927,-0.00,-0.09,-1.46,1.47
12.937,0.82,0.42,-1.31,1.60
12.947,1.10,2.15,-2.76,3.67
12.957,1.34,4.15,-2.92,5.24
12.967,1.41,5.02,-1.36,5.39
12.977,1.16,5.35,-0.30,5.49
12.987,1.06,5.14,-1.05,5.36
12.997,1.13,3.88,-2.10,4.55
13.007,1.16,2.69,-2.46,3.83
13.017,1.40,1.02,-1.98,2.63
13.027,1.75,-1.49,-2.42,3.34
13.037,1.73,-1.09,-0.57,2.12
13.047,2.02,0.38,1.22,2.39
13.056,2.32,1.53,2.10,3.48
13.067,2.22,1.13,1.64,2.98
13.077,1.80,2.11,1.59,3.20
13.087,1.28,3.08,2.76,4.33
13.096,0.86,2.94,3.40,4.58
13.107,0.65,2.05,3.53,4.14
13.117,0.76,1.16,3.50,3.77
13.126,1.08,0.68,3.66,3.87
13.137,1.46,0.13,3.57,3.86
13.146,2.15,-0.19,3.48,4.09
13.157,3.11,-0.01,3.80,4.91
13.166,4.05,-0.02,4.07,5.74
13.176,4.74,-0.39,3.90,6.15
13.186,4.87,-0.90,3.14,5.87
13.196,4.55,-1.31,2.17,5.21
13.206,4.22,-1.73,1.26,4.73
13.216,3.91,-2.14,0.64,4.50
13.226,3.48,-2.26,0.68,4.20
13.236,3.20,-2.21,0.93,4.00
13.246,3.37,-2.13,0.95,4.10
13.256,3.56,-1.73,0.70,4.02
13.266,3.23,-1.42,0.26,3.54
13.276,2.28,-0.76,-0.22,2.41
13.286,1.24,0.40,-0.65,1.45
13.296,0.41,1.78,-1.14,2.15
13.306,-0.33,3.12,-1.47,3.46
13.316,-1.18,4.24,-1.68,4.71
13.326,-2.14,4.79,-2.70,5.90
13.336,-3.07,3.71,-3.77,6.12
13.346,-3.81,2.93,-3.44,5.91
13.356,-2.78,4.64,-3.60,6.50
13.366,-0.01,5.30,-4.93,7.24
13.376,1.83,4.27,-4.76,6.65
13.386,1.88,3.71,-2.09,4.65
13.396,1.08,4.32,1.29,4.63
13.406,-0.15,4.55,3.44,5.71
13.416,-1.65,3.18,3.32,4.88
13.426,-2.30,1.81,1.98,3.53
13.436,-1.72,1.71,1.31,2.76
13.446,-0.50,1.96,0.59,2.11
13.456,0.96,1.91,-0.35,2.17
13.466,2.59,1.43,-0.67,3.03
13.476,4.05,0.77,-0.68,4.18
13.486,4.97,0.14,-0.58,5.01
13.496,5.02,-0.81,-0.35,5.10
13.506,4.55,-1.53,0.10,4.80
13.516,3.65,-2.02,1.11,4.32
13.526,2.44,-2.27,1.83,3.80
13.536,1.48,-2.00,1.29,2.80
13.546,0.71,-1.71,0.10,1.85
13.556,-0.20,-0.95,-0.11,0.98
13.565,-0.71,0.25,-0.12,0.76
13.576,-1.10,1.45,0.28,1.84
13.585,-1.35,2.14,0.96,2.71
13.596,-1.33,2.04,1.84,3.05
13.606,-0.79,0.71,2.04,2.30
13.615,-0.12,-1.24,1.39,1.87
13.625,0.09,-2.61,0.79,2.73
13.635,0.01,-3.15,0.71,3.23
13.645,-0.18,-3.45,0.66,3.51
13.656,-0.33,-2.88,0.37,2.92
13.665,-0.23,-2.34,0.79,2.48
13.676,0.24,-2.11,0.70,2.24
13.685,0.92,-2.06,0.03,2.25
13.696,1.34,-1.75,-0.74,2.33
13.705,1.44,-1.42,-1.29,2.40
13.715,1.15,-1.34,-1.09,2.08
13.725,0.21,-1.20,-0.49,1.31
13.735,-0.67,-1.65,-0.55,1.86
13.745,-1.17,-2.29,-1.38,2.92
13.755,-1.83,-2.34,-1.73,3.44
13.765,-2.46,-2.41,-1.45,3.74
13.775,-2.77,-2.42,-1.04,3.82
13.785,-2.72,-2.20,-0.83,3.59
13.795,-2.38,-1.68,-0.84,3.03
13.805,-1.82,-0.94,-1.06,2.31
13.815,-1.08,-0.10,-1.58,1.92
13.825,-0.24,0.58,-2.38,2.47
13.835,0.52,0.98,-3.07,3.26
13.845,1.02,1.11,-3.81,4.10
13.855,1.53,1.10,-4.58,4.95
13.865,1.55,1.65,-3.88,4.49
13.875,0.50,2.92,-2.13,3.65
13.885,-1.23,4.13,-1.49,4.56
13.895,-2.89,4.94,-1.68,5.97
13.905,-4.01,4.69,-1.68,6.39
13.915,-4.49,3.69,-1.56,6.01
13.925,-4.68,2.82,-0.94,5.55
13.935,-4.60,1.99,-0.14,5.01
13.945,-3.96,0.97,-0.06,4.08
13.955,-2.89,0.41,-0.38,2.94
13.965,-1.75,0.36,-1.18,2.14
13.975,-1.16,0.49,-1.91,2.28
13.985,-1.00,0.56,-1.63,1.99
13.995,-1.01,0.43,-0.41,1.17
14.005,-1.12,-0.27,0.38,1.22
14.015,-0.86,-2.32,-0.41,2.51
14.025,-1.08,-4.74,-2.13,5.31
14.035,-1.80,-4.38,-2.20,5.22
14.045,-2.16,-0.45,0.10,2.21
14.055,-1.28,3.27,1.55,3.84
14.065,-0.36,5.62,1.64,5.86
14.075,0.33,6.77,1.77,7.01
14.085,0.93,6.45,2.17,6.86
14.095,1.27,4.92,2.83,5.82
14.105,1.67,3.02,3.13,4.66
14.115,2.92,1.62,2.50,4.17
14.125,4.44,1.08,2.26,5.10
14.135,5.32,0.41,2.80,6.03
14.144,4.95,-0.13,3.69,6.17
14.155,3.85,-0.52,4.18,5.71
14.164,2.91,-1.02,3.97,5.02
14.175,2.27,-1.07,3.62,4.41
14.184,1.76,-0.97,3.04,3.64
14.195,1.28,-0.72,2.47,2.88
14.204,1.03,-0.31,2.09,2.35
14.215,1.04,-0.02,2.27,2.50
14.224,1.29,0.04,2.72,3.01
14.235,1.74,-0.14,3.12,3.58
14.244,2.20,-0.50,3.51,4.17
14.254,2.50,-0.81,3.11,4.07
14.264,2.53,-1.31,1.96,3.46
14.274,2.55,-2.04,0.55,3.31
14.284,2.68,-2.61,-0.04,3.74
14.294,2.68,-2.71,-0.35,3.83
14.304,2.37,-2.34,-1.02,3.48
14.314,1.75,-1.46,-1.74,2.86
14.324,0.96,-0.23,-2.24,2.45
14.334,0.34,0.98,-2.30,2.52
14.344,-0.20,1.89,-2.06,2.80
14.354,-1.09,2.45,-2.27,3.51
14.364,-2.55,2.88,-3.34,5.09
14.374,-3.41,4.89,-5.41,8.05
14.384,-3.26,6.76,-6.79,10.12
14.394,-2.90,5.99,-5.76,8.80
14.404,-2.81,4.57,-1.48,5.57
14.414,-3.11,5.14,3.48,6.95
14.424,-2.56,5.15,4.32,7.19
14.434,-0.82,2.83,2.59,3.93
14.444,0.96,-0.14,0.19,0.99
14.454,1.94,-1.84,-0.74,2.77
14.464,2.30,-1.34,-0.98,2.84
14.474,2.58,0.19,-1.01,2.78
14.484,3.16,1.35,-0.97,3.57
14.494,3.77,1.80,-0.91,4.27
14.504,4.23,1.63,-0.69,4.58
14.514,4.27,0.93,-0.38,4.39
14.524,3.66,-0.05,-0.25,3.67
14.534,2.52,-0.93,-0.02,2.69
14.544,1.30,-1.62,0.68,2.19
14.554,0.41,-1.92,0.97,2.19
14.564,-0.22,-1.64,0.04,1.66
14.574,-0.88,-1.41,-0.35,1.70
14.584,-1.38,-0.46,0.21,1.47
14.594,-1.56,0.75,0.36,1.77
14.604,-1.75,1.61,0.92,2.55
14.614,-1.93,1.94,1.58,3.16
14.624,-1.75,1.89,2.00,3.26
14.634,-1.16,0.85,2.24,2.66
14.644,-0.30,-0.81,1.73,1.93
14.654,0.29,-1.92,1.31,2.34
14.664,0.52,-2.23,1.35,2.66
14.674,0.63,-2.51,1.45,2.96
14.684,0.74,-3.00,1.16,3.30
14.694,0.95,-2.78,0.24,2.95
14.704,1.38,-2.53,-0.26,2.89
14.714,1.64,-2.21,-0.70,2.84
14.723,1.47,-1.65,-1.15,2.49
14.734,0.84,-0.97,-0.74,1.48
14.743,0.42,-0.98,-0.24,1.09
14.754,0.16,-1.52,-0.37,1.57
14.764,-0.32,-2.15,-0.67,2.28
14.774,-1.18,-2.64,-0.94,3.04
14.783,-2.05,-2.96,-1.09,3.77
14.793,-2.64,-3.18,-1.10,4.28
14.803,-2.82,-3.30,-1.25,4.52
14.814,-2.69,-3.08,-1.52,4.37
14.824,-2.31,-2.57,-1.79,3.90
14.833,-1.84,-1.83,-2.19,3.39
14.844,-1.49,-1.04,-2.52,3.11
14.853,-1.23,-0.31,-2.69,2.97
14.864,-0.95,0.48,-2.56,2.77
14.873,-0.68,1.22,-2.54,2.90
14.883,-0.25,1.93,-2.70,3.33
14.893,-0.10,2.87,-2.22,3.63
14.903,-0.72,4.08,-1.67,4.47
14.913,-2.06,5.16,-1.54,5.77
14.923,-3.96,5.58,-1.05,6.92
14.933,-5.52,5.08,-0.60,7.53
14.943,-6.08,3.86,-0.31,7.21
14.953,-5.60,2.44,-0.45,6.12
14.963,-4.31,1.11,-1.06,4.57
14.973,-2.75,0.33,-1.61,3.20
14.983,-1.36,0.21,-2.46,2.82
14.993,-0.50,0.38,-2.88,2.95
15.003,-0.19,0.30,-2.56,2.58
15.013,-0.25,-0.21,-1.52,1.56
15.023,-0.55,-0.84,-0.21,1.03
15.033,-0.76,-1.69,0.37,1.89
15.043,-0.99,-2.86,-0.45,3.06
15.053,-0.94,-2.26,-2.95,3.83
15.063,-0.91,0.82,-2.10,2.43
15.073,-0.59,4.16,0.07,4.20
15.083,-0.26,6.31,2.38,6.75
15.093,0.31,6.46,2.87,7.08
15.103,0.88,5.46,2.57,6.10
15.113,1.10,3.60,2.62,4.59
15.123,1.24,1.60,2.16,2.96
15.133,2.30,0.70,1.38,2.77
15.143,4.01,0.50,1.19,4.21
15.153,5.24,-0.07,1.79,5.54
15.163,4.97,-0.89,2.69,5.72
15.173,3.78,-1.29,3.50,5.31
15.183,2.75,-1.55,3.93,5.04
15.193,2.09,-1.30,3.89,4.60
15.203,1.93,-0.98,3.27,3.92
15.213,1.75,-0.58,2.69,3.26
15.223,1.68,-0.06,2.42,2.95
15.233,1.77,0.07,2.39,2.97
15.242,2.05,0.06,2.78,3.46
15.253,2.57,-0.23,3.24,4.14
15.263,3.22,-0.69,3.33,4.69
15.273,3.54,-0.91,2.78,4.59
15.283,3.34,-1.04,1.73,3.90
15.293,2.81,-1.27,1.07,3.26
15.302,2.45,-1.31,1.04,2.97
15.312,2.38,-1.58,0.74,2.96
15.323,2.40,-2.36,-0.10,3.37
15.333,2.25,-2.83,-1.31,3.85
15.343,1.87,-2.39,-2.44,3.90
15.353,1.33,-1.17,-2.78,3.30
15.363,0.90,0.25,-2.45,2.62
15.372,0.59,1.22,-2.10,2.49
15.382,0.16,2.14,-1.86,2.84
15.393,-0.63,3.07,-2.12,3.78
15.402,-2.22,4.72,-3.99,6.56
15.412,-3.77,6.88,-6.25,10.03
15.422,-4.53,7.02,-6.92,10.85
15.433,-4.13,5.31,-5.02,8.40
15.442,-3.16,4.55,-1.15,5.66
15.452,-2.43,5.51,2.70,6.60
15.462,-1.98,5.41,4.02,7.02
15.472,-1.21,3.64,3.05,4.90
15.482,-0.04,1.40,1.47,2.03
15.492,0.75,-0.09,0.20,0.78
15.502,1.43,-0.34,-0.56,1.57
15.512,2.29,0.23,-0.69,2.40
15.522,3.21,0.74,-0.26,3.30
15.532,4.05,0.73,-0.13,4.12
15.542,4.63,0.22,-0.22,4.64
15.552,4.78,-0.56,-0.15,4.81
15.562,4.34,-1.69,-0.15,4.66
15.572,3.40,-2.44,0.37,4.20
15.582,1.97,-2.46,1.27,3.39
15.593,0.95,-2.35,0.09,2.54
15.602,-0.04,-1.71,-1.01,1.99
15.612,-1.20,-0.24,-0.39,1.28
15.622,-2.03,1.30,0.51,2.47
15.632,-2.68,2.16,1.52,3.76
15.642,-3.03,2.57,2.40,4.64
15.652,-2.66,2.08,2.52,4.21
15.662,-1.70,0.22,2.03,2.66
15.672,-0.75,-1.53,2.19,2.78
15.682,0.18,-2.95,0.90,3.09
15.692,0.81,-3.61,-0.40,3.72
15.702,0.81,-3.23,-0.68,3.40
15.712,0.56,-2.34,-0.24,2.41
15.722,0.51,-1.50,-0.24,1.60
15.732,0.78,-1.30,-0.49,1.59
15.742,1.30,-1.35,-0.56,1.95
15.752,1.61,-1.57,-0.34,2.27
15.762,1.17,-1.71,-0.86,2.25
15.772,0.39,-1.83,-1.23,2.24
15.782,-0.32,-2.23,-1.52,2.72
15.792,-0.89,-2.71,-1.68,3.31
15.802,-1.92,-2.68,-1.31,3.55
15.811,-3.31,-2.45,-0.59,4.16
15.822,-4.16,-2.36,-0.20,4.78
15.832,-4.04,-2.42,-0.21,4.71
15.842,-3.11,-2.52,-0.60,4.05
15.852,-1.85,-2.31,-1.35,3.25
15.862,-0.86,-1.77,-2.27,3.00
15.872,-0.47,-1.05,-3.10,3.31
15.882,-0.43,-0.33,-3.58,3.62
15.892,-0.55,0.26,-3.65,3.70
15.901,-0.76,1.07,-3.32,3.57
15.912,-0.99,2.38,-2.66,3.70
15.921,-1.62,4.03,-1.59,4.63
15.932,-2.93,5.48,-0.86,6.27
15.941,-4.78,6.21,-0.39,7.84
15.952,-6.46,5.90,-0.06,8.75
15.961,-6.70,4.87,0.32,8.29
15.971,-5.47,3.44,0.15,6.46
15.981,-3.53,2.04,-1.44,4.32
15.991,-1.85,1.08,-2.21,3.08
16.001,-0.74,0.67,-2.15,2.37
16.011,-0.19,0.45,-1.77,1.84
16.021,-0.03,0.07,-1.44,1.45
16.031,-0.18,-0.27,-1.23,1.28
16.041,-0.49,-1.03,-0.51,1.25
16.051,-0.63,-2.48,0.01,2.56
16.061,-0.96,-4.76,0.12,4.85
16.071,-1.22,-5.74,-1.32,6.02
16.081,-0.94,-3.85,-2.49,4.68
16.091,-0.62,0.50,-0.87,1.18
16.101,-0.31,3.73,0.86,3.84
16.111,0.19,5.28,1.91,5.61
16.121,0.79,5.63,2.21,6.10
16.131,1.14,5.00,2.30,5.62
16.141,1.25,3.69,2.45,4.61
16.151,1.61,2.43,2.20,3.65
16.161,2.30,1.83,1.70,3.39
16.171,3.18,1.04,1.62,3.72
16.181,3.44,0.23,2.21,4.10
16.191,2.96,-0.29,2.98,4.21
16.201,2.38,-0.74,3.45,4.26
16.211,1.91,-0.97,3.58,4.18
16.221,1.74,-0.99,3.20,3.78
16.231,1.61,-0.88,2.58,3.17
16.241,1.54,-0.43,2.08,2.62
16.251,1.57,-0.07,1.92,2.48
16.261,1.74,0.14,2.29,2.88
16.271,2.05,0.05,2.88,3.53
16.281,2.54,-0.35,3.07,4.00
16.291,3.13,-0.61,2.98,4.36
16.301,3.63,-0.75,2.66,4.56
16.311,3.66,-1.08,1.99,4.31
16.321,3.18,-1.52,1.26,3.74
16.331,2.85,-1.82,0.65,3.44
16.341,2.95,-1.97,0.37,3.57
16.351,2.94,-2.13,-0.15,3.64
16.361,2.35,-1.81,-1.53,3.34
16.371,1.39,-1.03,-3.22,3.65
16.381,0.43,0.17,-3.75,3.78
16.391,-0.30,1.15,-2.47,2.74
16.400,-0.89,1.50,-1.23,2.13
16.410,-2.30,0.36,-1.38,2.70
16.420,-5.83,0.49,-4.67,7.48
16.431,-7.45,6.82,-7.58,12.64
16.441,-5.32,9.86,-4.97,12.26
16.451,-3.37,8.57,-0.25,9.21
16.460,-1.96,6.72,2.77,7.53
16.470,0.37,5.61,3.99,6.90
16.480,1.89,3.75,2.03,4.66
16.490,0.89,-0.15,-0.41,0.99
16.500,-0.43,-1.43,-1.37,2.03
16.510,-0.30,0.72,-0.75,1.08
16.520,0.35,2.04,-0.11,2.08
16.530,1.61,2.48,-0.06,2.96
16.540,3.36,2.10,-0.55,4.00
16.550,4.73,0.97,-1.21,4.98
16.560,5.26,-0.61,-1.35,5.46
16.570,4.74,-2.02,-0.74,5.21
16.580,3.22,-2.70,0.36,4.22
16.591,1.57,-2.21,0.69,2.80
16.600,0.47,-1.23,-0.82,1.55
16.610,-0.45,-0.52,-0.62,0.93
16.620,-1.02,0.63,0.05,1.20
16.630,-1.39,1.66,0.04,2.16
16.640,-1.69,2.06,0.23,2.68
16.650,-1.81,1.60,0.38,2.45
16.660,-1.68,0.04,0.75,1.84
16.670,-1.15,-1.45,1.05,2.13
16.680,-0.33,-2.41,0.82,2.56
16.690,0.19,-2.77,0.93,2.93
16.700,0.17,-2.61,1.25,2.90
16.710,0.06,-2.31,1.23,2.62
16.720,0.20,-2.06,1.00,2.30
16.730,0.55,-1.90,0.75,2.11
16.740,0.99,-2.18,0.13,2.40
16.750,1.52,-2.52,-0.28,2.95
16.760,1.77,-2.75,-0.60,3.32
16.770,1.24,-2.42,-0.09,2.72
16.780,0.57,-2.09,-0.14,2.17
16.790,0.04,-2.02,-0.39,2.06
16.800,-0.61,-2.12,0.04,2.21
16.810,-1.31,-2.22,0.03,2.58
16.820,-2.00,-2.34,-0.07,3.08
16.830,-2.74,-2.45,-0.23,3.68
16.840,-3.46,-2.64,-0.35,4.37
16.850,-3.83,-3.04,-0.40,4.91
16.860,-3.58,-3.26,-0.74,4.90
16.870,-2.74,-2.98,-1.31,4.26
16.880,-1.86,-2.28,-1.85,3.48
16.890,-1.41,-1.24,-2.24,2.92
16.900,-1.23,-0.04,-2.25,2.57
16.910,-0.90,1.22,-1.88,2.42
16.920,-0.35,2.54,-1.21,2.84
16.930,0.11,3.93,-0.21,3.94
16.940,0.05,4.87,0.01,4.87
16.950,-0.52,4.91,-1.10,5.06
16.960,-1.76,4.58,-2.00,5.30
16.970,-3.32,4.34,-2.02,5.82
16.980,-4.41,4.04,-1.81,6.25
16.990,-4.49,3.13,-1.93,5.81
16.999,-4.08,1.79,-1.87,4.84
17.010,-3.65,0.48,-2.01,4.20
17.019,-3.16,-0.29,-1.83,3.66
17.029,-2.51,-0.49,-2.03,3.26
17.039,-1.79,0.01,-1.88,2.60
17.049,-1.29,0.43,-1.70,2.18
17.059,-0.89,0.10,-1.94,2.13
17.069,-0.57,-0.69,-1.41,1.67
17.079,-0.26,-1.46,-0.65,1.62
17.090,-0.24,-2.21,-0.25,2.24
17.099,-0.36,-2.16,-0.97,2.39
17.109,-0.26,0.01,-1.98,2.00
17.119,0.02,3.17,-1.54,3.52
17.129,0.51,5.24,-0.01,5.26
17.139,0.96,6.00,0.86,6.14
17.149,1.38,5.52,1.40,5.86
17.159,1.58,4.08,2.07,4.84
17.169,1.38,2.43,2.35,3.65
17.179,1.37,1.14,2.15,2.80
17.189,2.12,0.77,1.54,2.74
17.199,3.20,0.55,1.43,3.55
17.209,3.60,-0.00,2.09,4.16
17.219,3.00,-0.37,3.02,4.27
17.229,1.95,-0.59,3.59,4.13
17.239,0.94,-0.68,3.50,3.69
17.249,0.28,-0.52,2.82,2.88
17.259,0.04,-0.58,2.21,2.28
17.269,0.21,-0.69,2.07,2.19
17.279,0.77,-0.42,2.36,2.52
17.289,1.69,-0.13,2.85,3.31
17.299,2.74,-0.11,3.32,4.30
17.309,3.67,-0.38,3.61,5.16
17.319,4.20,-0.80,3.55,5.56
17.329,4.25,-1.07,3.06,5.34
17.339,3.86,-1.34,2.22,4.65
17.349,3.29,-1.62,1.46,3.95
17.359,2.80,-1.94,0.99,3.55
17.369,2.37,-2.28,0.42,3.32
17.379,1.96,-2.40,-0.22,3.11
17.389,1.67,-2.05,-0.97,2.81
17.399,1.43,-1.11,-1.83,2.58
17.409,1.26,0.01,-2.14,2.49
17.419,1.31,0.76,-2.13,2.62
17.429,1.11,0.50,-2.46,2.74
17.439,-1.30,-0.12,-4.58,4.77
17.449,-4.01,4.09,-6.55,8.70
17.459,-3.91,8.97,-4.58,10.80
17.469,-3.28,8.79,-1.47,9.50
17.479,-3.37,5.37,-0.75,6.38
17.489,-2.61,3.40,0.70,4.35
17.499,-0.81,3.63,2.44,4.45
17.509,0.24,3.21,1.66,3.62
17.519,0.47,1.55,-0.67,1.76
17.529,0.52,0.83,-1.48,1.78
17.539,0.48,1.68,-1.18,2.11
17.549,0.74,2.77,-0.80,2.98
17.559,1.66,3.18,-0.71,3.66
17.568,2.98,2.74,-0.74,4.12
17.578,4.17,1.66,-1.51,4.74
17.588,4.10,0.78,-0.11,4.18
17.598,3.45,0.49,0.38,3.50
17.609,2.66,0.01,0.24,2.67
17.618,1.76,-0.77,0.26,1.94
17.628,1.08,-1.43,-0.43,1.85
17.638,0.47,-1.76,-0.27,1.84
17.648,0.30,-1.65,-1.08,2.00
17.658,0.08,-1.55,-0.41,1.60
17.668,-0.23,-0.83,0.70,1.11
17.678,-0.49,0.10,0.80,0.95
17.688,-0.79,0.72,1.01,1.47
17.698,-1.24,0.94,1.41,2.10
17.708,-1.54,0.40,1.61,2.26
17.718,-1.01,-0.62,1.47,1.89
17.728,-0.19,-1.68,1.34,2.15
17.738,0.31,-2.37,0.74,2.50
17.748,0.48,-2.47,-0.34,2.54
17.758,0.59,-2.64,-0.45,2.74
17.768,0.90,-2.70,0.53,2.90
17.778,1.04,-2.32,0.74,2.64
17.788,1.17,-1.87,0.63,2.29
17.798,1.31,-1.62,0.11,2.08
17.808,1.48,-1.14,-0.80,2.04
17.818,1.19,-0.91,-1.82,2.36
17.828,0.36,-1.06,-1.36,1.76
17.838,-0.67,-1.49,-0.45,1.69
17.848,-1.50,-2.06,-0.34,2.57
17.858,-1.88,-2.46,-0.54,3.14
17.868,-2.29,-2.44,-0.77,3.43
17.878,-2.75,-2.38,-1.13,3.81
17.888,-3.13,-2.42,-1.31,4.17
17.898,-3.26,-2.47,-1.21,4.26
17.908,-2.87,-2.37,-1.12,3.89
17.918,-2.09,-1.96,-1.25,3.13
17.928,-1.26,-1.32,-1.56,2.40
17.938,-0.59,-0.73,-2.05,2.26
17.948,-0.09,-0.27,-2.56,2.58
17.958,0.25,-0.06,-2.87,2.88
17.968,0.37,0.02,-2.83,2.86
17.978,0.46,0.08,-3.07,3.10
17.988,0.65,0.65,-3.23,3.36
17.998,0.42,2.12,-2.20,3.08
18.008,-0.57,3.95,-0.93,4.10
18.018,-1.91,4.86,-0.91,5.30
18.028,-3.21,4.42,-1.31,5.61
18.038,-3.72,3.45,-1.12,5.20
18.048,-3.33,2.67,-0.27,4.28
18.057,-2.49,2.15,-0.57,3.34
18.068,-1.96,1.80,-1.28,2.95
18.078,-1.53,1.36,-1.64,2.62
18.088,-1.30,1.07,-1.78,2.45
18.098,-1.23,1.44,-1.68,2.53
18.108,-1.09,0.32,-1.87,2.19
18.118,-1.26,-1.32,-1.50,2.36
18.128,-1.79,-2.23,-0.36,2.88
18.138,-2.02,-2.99,0.61,3.66
18.147,-1.86,-4.31,0.53,4.73
18.158,-1.64,-4.28,-1.17,4.73
18.168,-2.16,-1.60,-1.22,2.96
18.177,-2.38,2.09,0.69,3.24
18.188,-1.69,4.72,1.25,5.17
18.197,-0.87,6.20,1.13,6.36
18.208,0.03,6.45,1.22,6.56
18.217,0.83,5.33,1.80,5.69
18.227,1.47,3.46,2.51,4.51
18.237,1.90,1.33,1.88,2.99
18.247,2.83,0.47,1.17,3.10
18.257,4.21,0.20,1.41,4.44
18.267,4.93,0.46,2.45,5.52
18.277,4.65,0.35,3.50,5.83
18.287,3.38,0.16,4.09,5.30
18.297,1.80,-0.47,3.99,4.40
18.307,0.63,-1.09,3.72,3.92
18.317,0.12,-1.81,3.06,3.56
18.327,0.12,-1.88,2.44,3.08
18.337,0.99,-1.22,2.37,2.85
18.347,2.20,-0.43,2.39,3.28
18.357,2.84,0.07,2.57,3.83
18.367,3.42,-0.30,2.75,4.40
18.377,4.40,-0.97,2.75,5.28
18.387,4.71,-1.30,2.14,5.33
18.397,4.10,-1.12,1.07,4.38
18.407,2.87,-0.76,0.70,3.05
18.417,2.50,-0.71,1.16,2.85
18.427,2.76,-1.09,0.78,3.06
18.437,2.65,-1.44,-0.01,3.01
18.447,2.30,-1.42,-1.25,2.98
18.457,1.82,-1.08,-2.14,3.01
18.467,1.21,-0.54,-2.13,2.50
18.477,0.61,0.51,-2.22,2.36
18.487,0.10,1.37,-1.91,2.36
18.497,-0.12,2.24,-1.69,2.80
18.507,-0.67,2.94,-1.52,3.37
18.517,-2.25,2.65,-2.78,4.45
18.527,-4.67,3.49,-5.91,8.30
18.537,-5.14,6.34,-7.34,10.98
18.547,-4.13,5.27,-5.09,8.41
18.557,-3.51,3.56,-0.86,5.07
18.567,-2.30,3.52,3.88,5.72
18.577,-0.42,3.71,7.24,8.14
18.587,-0.36,5.36,5.34,7.57
18.597,-1.76,5.23,0.55,5.54
18.607,-2.30,3.35,-1.56,4.35
18.617,-1.33,2.21,-0.88,2.73
18.627,0.50,1.53,0.71,1.76
18.637,2.57,1.65,1.57,3.43
18.647,4.26,1.92,1.43,4.89
18.657,4.53,2.04,1.26,5.13
18.667,3.97,1.98,0.43,4.46
18.677,3.09,1.21,-0.03,3.32
18.687,1.97,-0.30,1.44,2.46
18.696,1.30,-1.79,0.40,2.25
18.707,0.51,-3.02,-2.15,3.74
18.716,-0.72,-3.42,-3.76,5.13
18.727,-1.08,-3.99,-3.39,5.34
18.737,-0.74,-3.37,-2.73,4.40
18.746,-0.18,-1.42,-1.81,2.30
18.757,0.26,0.18,0.37,0.49
18.766,0.18,1.10,2.77,2.99
18.776,-0.33,1.18,3.60,3.80
18.786,-0.84,0.61,2.80,2.99
18.796,-1.48,-0.22,1.05,1.83
18.806,-2.45,0.09,0.27,2.46
18.816,-2.94,0.34,0.52,3.01
18.827,-2.32,-1.07,-0.08,2.56
18.836,0.84,-3.54,-0.75,3.71
18.846,2.46,-3.72,-1.59,4.74
18.856,1.01,-1.14,-1.91,2.45
18.866,1.32,-1.82,-0.24,2.26
18.876,2.95,-4.10,0.24,5.06
18.886,2.51,-3.18,-0.69,4.11
18.896,1.02,-2.13,-0.28,2.38
18.906,0.00,-2.57,-0.26,2.59
18.916,-0.34,-3.26,-0.34,3.30
18.926,-0.92,-3.42,-0.45,3.57
18.936,-1.33,-3.19,-1.09,3.63
18.946,-1.69,-3.01,-1.01,3.59
18.956,-1.55,-3.01,-0.67,3.45
18.966,-1.20,-2.65,-0.79,3.01
18.976,-0.73,-2.02,-0.95,2.35
18.986,0.13,-1.34,-1.20,1.81
18.996,0.86,-0.55,-1.81,2.08
19.006,1.27,0.21,-2.26,2.60
19.016,1.44,0.78,-2.22,2.76
19.026,0.76,3.08,-2.68,4.15
19.036,-0.35,7.65,-3.83,8.56
19.046,-1.23,7.76,-6.05,9.92
19.056,-3.55,3.75,-5.31,7.41
19.066,-6.39,-1.67,-2.82,7.18
19.076,-6.53,-3.05,-1.91,7.46
19.086,-4.44,-0.40,-1.94,4.87
19.096,-3.15,3.03,-1.72,4.70
19.106,-2.51,6.68,-1.73,7.34
19.116,-2.41,7.43,-1.44,7.94
19.126,-2.35,5.83,-0.62,6.31
19.136,-1.74,3.84,-0.08,4.22
19.146,-1.27,2.70,-0.39,3.01
19.156,-2.08,2.62,-0.25,3.36
19.166,-3.05,1.28,0.52,3.34
19.176,-3.33,-0.98,1.17,3.66
19.186,-2.94,-2.45,1.12,3.98
19.195,-2.29,-3.23,0.85,4.05
19.206,-1.57,-4.00,0.36,4.32
19.215,-1.16,-3.65,0.42,3.85
19.225,-1.51,-2.33,1.83,3.32
19.235,-0.45,-0.52,1.78,1.91
19.245,0.96,2.21,-0.08,2.41
19.256,0.44,4.06,-2.10,4.59
19.266,0.69,4.10,-1.73,4.51
19.275,1.85,3.32,-0.68,3.87
19.285,2.64,2.09,-0.23,3.37
19.295,2.47,1.34,0.35,2.84
19.305,2.92,0.78,1.29,3.29
19.315,5.42,-2.87,4.07,7.36
19.325,2.77,-2.61,1.87,4.24
19.335,0.51,-0.53,3.89,3.96
19.345,0.04,1.05,5.58,5.68
19.355,-0.46,1.14,4.79,4.95
19.365,0.13,0.24,3.43,3.44
19.375,0.27,-0.03,2.57,2.59
19.385,0.62,-0.63,1.87,2.06
19.395,1.47,-1.24,1.44,2.40
19.405,2.26,-1.64,2.08,3.48
19.415,3.01,-1.60,2.98,4.53
19.425,3.47,-1.49,3.41,5.08
19.435,3.80,-1.65,3.62,5.50
19.445,4.14,-1.80,3.83,5.92
19.455,4.16,-1.59,3.69,5.78
19.465,3.65,-1.42,2.71,4.77
19.475,3.13,-1.65,0.59,3.58
19.485,3.03,-1.73,-1.09,3.66
19.495,3.22,-1.92,-1.27,3.96
19.505,3.55,-2.47,-0.63,4.37
19.515,3.54,-2.75,-0.83,4.56
19.525,2.74,-2.31,-1.17,3.77
19.535,1.86,-1.30,-1.27,2.60
19.545,0.98,0.01,-1.94,2.17
19.555,0.05,1.16,-1.81,2.15
19.565,-0.58,1.56,-1.08,1.98
19.575,-1.42,2.24,-1.90,3.26
19.585,-3.22,4.20,-3.58,6.39
19.595,-4.66,5.16,-5.75,9.03
19.605,-5.74,4.38,-6.74,9.87
19.615,-6.43,3.20,-4.18,8.31
19.625,-5.40,1.74,0.32,5.68
19.635,-2.81,2.24,3.43,4.97
19.645,0.18,4.15,2.91,5.07
19.655,2.36,5.30,0.14,5.80
19.665,2.09,5.91,-1.08,6.36
19.675,0.29,5.18,-0.02,5.18
19.685,-0.93,4.06,1.08,4.30
19.695,-1.24,2.83,1.10,3.28
19.705,-0.45,2.52,0.19,2.56
19.715,0.70,3.34,-0.21,3.42
19.725,2.03,3.17,-0.44,3.79
19.735,3.01,2.07,-0.56,3.69
19.745,3.48,0.96,-0.08,3.61
19.754,3.64,-0.08,-0.21,3.64
19.765,2.68,-0.41,-0.07,2.71
19.775,1.23,-0.07,0.07,1.23
19.785,0.51,-0.54,0.05,0.75
19.794,0.45,-1.16,-0.07,1.24
19.805,-0.32,-0.15,-1.52,1.56
19.815,-1.56,-0.18,-1.28,2.02
19.825,-1.39,-1.77,-0.86,2.41
19.834,-1.07,-1.53,-1.16,2.20
19.845,-0.26,-1.61,0.71,1.78
19.855,0.78,-2.23,1.91,3.04
19.864,1.10,-2.05,1.86,2.98
19.875,1.25,-2.61,0.93,3.04
19.885,0.98,-3.48,0.70,3.68
19.895,0.45,-3.71,0.26,3.74
19.904,-0.04,-2.93,-0.09,2.93
19.914,-0.21,-3.20,0.37,3.22
19.924,0.37,-4.45,0.95,4.56
19.934,0.57,-2.98,1.46,3.37
19.944,0.53,-1.99,1.02,2.30
19.954,0.25,-2.26,0.31,2.29
19.965,0.43,-2.03,-0.22,2.09
19.974,0.56,-0.88,-1.02,1.46
19.985,0.35,0.56,-1.50,1.64
19.994,0.40,1.07,-1.64,2.00
20.005,0.40,0.96,-1.41,1.75
20.014,0.35,0.95,-0.85,1.32
20.024,0.35,0.96,-0.66,1.22
20.034,0.33,1.02,-0.52,1.19
20.044,0.07,1.49,-0.24,1.51
20.054,0.20,1.07,-0.07,1.09
20.064,0.52,0.30,0.04,0.60
20.074,0.35,0.40,0.51,0.74
20.084,-0.30,1.41,0.19,1.46
20.094,-0.18,1.84,-0.83,2.02
20.104,-0.09,1.38,-1.33,1.91
20.114,0.49,1.35,-1.99,2.45
20.124,1.53,2.08,-1.96,3.24
20.134,2.48,2.46,-2.52,4.31
20.144,2.63,2.18,-3.17,4.66
20.154,2.68,2.00,-1.74,3.77
20.164,2.11,1.94,-1.71,3.34
20.174,1.30,2.36,-3.10,4.11
20.184,0.18,4.51,-3.41,5.66
20.194,-1.29,6.34,-3.51,7.36
20.204,-2.44,5.12,-2.23,6.09
20.214,-2.86,2.17,-0.16,3.60
20.224,-2.86,0.67,1.56,3.33
20.234,-2.87,-0.29,1.95,3.49
20.244,-2.57,-0.37,2.08,3.32
20.254,-2.12,0.78,2.45,3.33
20.264,-1.82,1.54,2.57,3.51
20.274,-0.97,1.44,2.37,2.94
20.284,0.06,1.59,1.82,2.42
20.294,0.25,2.67,1.63,3.14
20.304,-0.16,2.87,2.71,3.95
20.314,-0.41,1.89,3.88,4.33
20.324,-1.05,1.34,5.24,5.51
20.334,-2.97,2.31,5.62,6.76
20.344,-5.38,1.61,2.93,6.33
20.354,-6.39,-1.26,1.22,6.62
20.364,-6.57,-2.79,1.65,7.33
20.373,-6.45,-3.44,2.74,7.81
20.384,-6.18,-3.49,2.66,7.58
20.393,-3.80,-2.16,1.59,4.65
20.403,-1.80,-2.37,3.84,4.86
20.414,-2.15,-5.33,5.13,7.70
20.423,-1.09,-5.09,5.42,7.52
20.434,-0.25,-4.13,6.69,7.87
20.444,-0.35,-3.71,6.98,7.91
20.454,-1.22,-2.97,5.61,6.46
20.464,-2.20,-2.71,3.38,4.86
20.473,-3.83,-1.47,0.98,4.21
20.484,-4.51,-1.69,-1.68,5.10
20.493,-4.42,-3.11,-2.32,5.88
20.504,-3.98,-2.92,-2.32,5.45
20.513,-3.37,-1.81,-2.20,4.41
20.523,-3.23,-0.63,-2.93,4.41
20.533,-3.04,-0.08,-3.93,4.97
20.543,-3.27,0.59,-4.43,5.54
20.553,-3.17,1.23,-5.86,6.78
20.563,-2.65,2.03,-7.18,7.92
20.573,-1.98,3.45,-7.87,8.82
20.583,-1.13,3.51,-8.55,9.31
20.593,0.35,2.69,-7.42,7.89
20.603,0.74,3.13,-6.75,7.48
20.613,0.97,4.23,-7.36,8.54
20.623,1.34,4.43,-7.65,8.94
20.633,1.35,3.38,-6.87,7.77
20.643,1.44,1.91,-6.67,7.09
20.653,1.01,1.46,-6.78,7.01
20.663,0.20,1.04,-6.81,6.89
20.673,-0.37,0.20,-6.72,6.73
20.683,-0.45,-0.25,-6.21,6.23
20.693,-0.35,0.08,-5.47,5.48
20.703,-0.47,1.22,-4.82,4.99
20.713,-0.24,1.79,-4.52,4.87
20.723,0.15,1.69,-4.29,4.62
20.733,-0.32,2.97,2.37,3.81
20.743,0.06,4.31,6.72,7.98
20.753,1.51,5.19,6.23,8.25
20.763,-0.61,0.47,-4.57,4.63
20.773,-1.78,0.33,-0.88,2.02
20.783,-1.83,-1.00,-0.39,2.12
20.793,-1.18,-0.42,-0.36,1.30
20.803,-0.97,1.87,-0.17,2.11
20.813,-0.83,2.62,-1.42,3.09
20.823,-1.02,3.37,-3.14,4.72
20.833,-1.43,5.06,-3.80,6.49
20.843,-1.52,1.46,-3.63,4.19
20.853,-1.79,-0.88,-2.23,2.99
20.863,-0.80,-0.70,-0.20,1.08
20.873,-0.67,-1.31,-0.02,1.48
20.883,-0.65,-0.79,0.61,1.20
20.893,-0.41,0.16,0.31,0.53
20.903,0.12,0.57,-0.93,1.10
20.913,0.55,0.93,-1.27,1.66
20.922,0.54,0.96,-0.95,1.45
20.933,0.05,1.39,0.29,1.42
20.943,-0.91,1.35,1.61,2.29
20.953,-1.43,0.61,1.80,2.38
20.963,-1.09,-0.08,1.79,2.10
20.972,-0.34,-0.41,1.25,1.36
20.983,0.36,-0.52,-0.08,0.64
20.993,0.91,-0.72,-0.79,1.40
21.003,1.00,-0.68,-1.01,1.58
21.012,1.08,-0.29,-1.74,2.07
21.023,1.10,-0.16,-1.65,1.98
21.033,0.73,-0.07,-0.68,1.00
21.042,0.27,0.40,-0.00,0.49
21.053,0.42,0.43,0.10,0.61
21.062,0.99,0.10,-0.62,1.17
21.072,0.73,0.01,0.21,0.76
21.082,0.72,0.09,0.72,1.02
21.092,0.89,0.64,1.05,1.52
21.102,1.16,0.73,0.83,1.61
21.112,1.34,0.37,0.67,1.55
21.122,1.43,0.27,-0.29,1.48
21.132,1.19,0.10,-0.68,1.37
21.142,1.07,0.19,-0.66,1.27
21.152,1.00,0.37,-0.30,1.11
21.162,1.04,0.40,0.08,1.12
21.172,1.02,0.37,0.51,1.20
21.182,0.77,-0.04,0.44,0.89
21.192,0.58,-0.49,0.45,0.89
